2225
2213
2204
712
2215
2211
2223
2219
2210
2205
2217
2202
2212
2227
2214
2221
2209
2233
2234
2236
2237
2238
2239
2240
2241
2242
2243
2244
2245
2246
2247
2248
2249
2250
2251
2252
2253
2254
2255
2229
2256
2257
2258
2206
2235
2259
2260
2261
2262
2263
2264
2265
2266
2267
2268
2269
2270
2271
2272
2273
2274
2275
2276
2277
2278
2279
2280
2281
2282
2283
2284
2285
2286
2287
2288
7055
2290
2291
2292
2293
2294
2295
2296
2297
2298
2299
5001
5002
5003
5004
5005
5006
5007
5008
5009
5010
5011
5012
5013
5014
5015
5016
5017
5018
5019
5020
5021
5023
5024
5025
5026
5027
5028
5029
5030
5031
5032
5033
5034
5035
5036
5037
5038
5039
5040
5041
5042
5043
5044
5045
5047
5048
5049
5050
5051
5052
5053
5022
5046













5069
















5086
