0064 55 55
0065 17 17
0066  3  3
0067 37 37
0068 46 46
0069 -1 47
006A 23 23
006B -1 24
006C  3  3
006D 134 134
006E  3  3
006F  2  2
0070  3  3
0071 28 28
0072 22 22
0073 11 11
0074  3  3
0075 -1 11
0076  9  9
0077  5  5
0078 55 55
0079 53 53
007A 58 58
007B 60 60
007C 44 44
007D  2  2
007E 105 105
007F  6  6
0080  7  7
0081  3  3
0082  2  2
0083  2  2
0084  2  2
0085 10 10
0086 16 16
0087 12 12
0088 10 10
0089 11 11
008A 29 29
008B 23 23
008C 14 14
008D -1  8
008E -1  4
0090  7  7
0091 22 22
0092 28 28
0093  2  2
0094 19 19
0095 30 30
0096 -1 28
0097 -1 32
0098  3  3
0099 -1  4
009A -1  4
009B 34 34
009C  9  9
009D 17 17
009E 17 17
009F 20 20
00A0 23 23
00A1  6  6
00A2 14 14
00A3 -1  4
00A4 -1  4
00A5 -1  4
00A6 -1  4
00A7  9  9
00A8  7  7
00A9  6  6
00AA  9  9
00AB  4  4
00AC  7  7
00AE -1  4
00AF  6  6
00B0  8  8
00B1  8  8
00B2  3  3
00B3  3  3
00B4 -1  8
00B5  6  6
00B6  6  6
00B7 -1  8
00B8  7  7
00B9  6  6
00BA  2  2
00BB  5  5
00BC  6  6
00BD 44 44
00BE  5  5
00BF  3  3
00C0  7  7
00C1  2  2
00C2  6  6
00C3  8  8
00C4  6  6
00C5  7  7
00C6 -1  4
00C7 -1  4
00C8 -1  4
00C9 -1  4
00CA  3  3
00CB  3  3
00CC  6  6
00CD  3  3
00CE  2  2
00CF 27 27
00D0  3  3
00D1  4  4
00D2  4  4
00D3  2  2
00D4 -1  4
00D5 -1 15
00D6  3  3
00D7 -1 17
00D8  6  6
00D9 14 14
00DA  3  3
00DB -1  8
00DC 28 28
00DD 29 29
00DE -1 15
00DF -1 17
00E0 30 30
00E1 30 30
00E2 26 26
00E3  2  2
00E4  6  6
00E5 26 26
00E6  3  3
00E7  3  3
00E8  8  8
00E9 19 19
00EA  5  5
00EB  2  2
00EC  3  3
00ED  2  2
00EE  2  2
00EF  2  2
00F0  3  3
00F1  2  2
00F2  6  6
00F3 -1  4
00F4 21 21
00F5 11 11
00F6  8  8
00F7 17 17
00F8  2  2
00F9 26 26
00FA  3  3
00FB -1 28
00FC  6  6
00FD 27 27
00FE 30 30
00FF 10 10
0100  2  2
0101  6  6
0102  6  6
0103 30 30
0104 79 79
0105 31 31
0106 10 10
0107 10 10
0108 -1  4
0109 -1  8
010A  4  4
010B  6  6
010C  6  6
010D  2  2
010E 11 11
010F -1  4
0110 10 10
0111 39 39
0112  4  4
0113 25 25
0114 31 31
0115 35 35
0116 17 17
0117 18 18
0118  2  2
0119 13 13
011A 15 15
011B 20 20
011C 68 68
011D  2  2
011E  3  3
011F 16 16
0120  6  6
0121 14 14
0122 -1  4
0123 -1  4
0124 21 21
0125  8  8
0126  8  8
0127  8  8
0128  8  8
0129  8  8
012A  2  2
012B  2  2
012C  3  3
012D  4  4
012E  2  2
012F -1 84
0130  6  6
0131 86 86
0132  6  6
0133 -1  8
0134 -1  8
0135  7  7
0136 -1  8
0137  6  6
0138  3  3
0139 16 16
013A  4  4
013B  4  4
013C  4  4
013D  6  6
013E 24 24
013F 26 26
0140 22 22
0141 14 14
0142  6  6
0143 10 10
0144 23 23
0145 19 19
0146  6  6
0147 39 39
0148  8  8
0149  9  9
014A  6  6
014B 27 27
014C -1  4
014D  2  2
014E  6  6
014F  6  6
0150 110 110
0151  6  6
0152 -1 12
0153 -1  4
0154 -1  4
0155 -1  4
0156 -1  4
0157  6  6
0159 54 54
015A 66 66
015B 54 54
015C 90 90
015D 42 42
015E  6  6
015F 42 42
0160 -1  4
0161 -1  4
0162 -1  6
0163 -1  4
0164 -1  4
0165 30 30
0165 30 30
0166 -1  4
0166 -1  4
0167  3  3
0167  3  3
0168 14 14
0168 14 14
0169  3  3
0169  3  3
016A 30 30
016A 30 30
016B 10 10
016B 10 10
016C 43 43
016C 43 43
016D 14 14
016E 186 186
016F 182 182
0170 14 14
0171 30 30
0172 10 10
0173  3  3
0174 -1  4
0175  6  6
0176 106 106
0177 -1  4
0178  4  4
0179  5  5
017A  4  4
017B -1  4
017C  6  6
017D  7  7
017E -1  4
017F -1  4
0180  6  6
0181  3  3
0182 106 106
0183 10 10
0184 10 10
0185 34 34
0187  6  6
0188  8  8
0189  4  4
018A  4  4
018B  4  4
018C 29 29
018D -1  4
018E 10 10
018F  6  6
0190 23 23
0191 86 86
0192 24 24
0193  2  2
0194 30 30
0195 102 102
0196  9  9
0197  4  4
0198  8  8
0199  4  4
019A 14 14
019B 10 10
019C -1  4
019D  6  6
019E  2  2
019F  6  6
01A0  3  3
01A1  3  3
01A2 37 37
01A3  5  5
01A4 11 11
01A5 26 26
01A6 -1  4
01A7  4  4
01A8  4  4
01A9  6  6
01AA 10 10
01AB 12 12
01AC  6  6
01AD -1  4
01AE  4  4
01AF  4  4
01B0 11 11
01B1  7  7
01B2 -1 85
01B3 67 67
01B4 12 12
01B5 18 18
01B6 114 114
01B7  6  6
01B8  3  3
01B9  6  6
01BA 26 26
01BB 26 26
01BC 26 26
01BD 26 26
01BE  2  2
01BF  3  3
01C0  2  2
01C1 14 14
01C2 10 10
01C3 -1 16
01C4 22 22
01C5 22 22
01C6  4  4
01C7  2  2
01C8 13 13
01C9 97 97
01CA  3  3
01CB  9  9
01CC  9  9
01CD 30 30
01CE  6  6
01CF 28 28
01D0  8  8
01D1 14 14
01D2 10 10
01D3 35 35
01D4  6  6
01D5 -1  8
01D6  4  4
01D7 11 11
01D8 54 54
01D9 53 53
01DA 60 60
01DB  2  2
01DC -1  4
01DD 47 47
01DE 33 33
01DF  6  6
01E0 30 30
01E1  8  8
01E2 34 34
01E3 14 14
01E4  2  2
01E5  6  6
01E6 26 26
01E7  2  2
01E8 28 28
01E9 81 81
01EA  6  6
01EB 10 10
01EC 26 26
01ED  2  2
01EE -1  4
01EF -1  4
01F0 -1  4
01F1 -1  4
01F2 20 20
01F3 10 10
01F4 32 32
01F5  9  9
01F6 34 34
01F7 14 14
01F8  2  2
01F9  6  6
01FA 48 48
01FB 56 56
01FC -1  4
01FD 15 15
01FE  5  5
01FF 10 10
0200 26 26
0201 -1  4
0202 26 26
0203 10 10
0204 18 18
0205 26 26
0206 11 11
0207 34 34
0208 14 14
0209 36 36
020A 10 10
020D -1  4
020E 32 32
020F 10 10
0210 22 22
0212 26 26
0213 26 26
0214 42 42
0215  6  6
0216  6  6
0217  2  2
0218  2  2
0219 282 282
021A 282 282
021B 10 10
021C 10 10
021D  6  6
021E  6  6
021F 66 66
0220 10 10
0221 -1  4
0222  6  6
0223  8  8
0224 10 10
0225  2  2
0226 282 282
0227 18 18
0228 18 18
0229 15 15
022A 58 58
022B 57 57
022C 65 65
022D  5  5
022E 71 71
022F  5  5
0230 12 12
0231 26 26
0232  9  9
0233 11 11
0234  6  6
0235 -1  4
0236 10 10
0237  2  2
0238 282 282
0239 11 11
023A  4  4
023B 36 36
023C  6  6
023D  6  6
023E  8  8
023F  2  2
0240 -1  8
0241  6  6
0242 -1 99
0243  6  6
0244  6  6
0245  3  3
0246  4  4
0247  8  8
0248 -1 68
0249  3  3
024A 70 70
024B  4  4
024C  8  8
024D 12 12
024E  6  6
024F 10 10
0250  3  3
0251 34 34
0252 -1 12
0253  3  3
0254  3  3
0255  5  5
0256  5  5
0257  8  8
0258  2  2
0259  3  3
025A -1  4
025B  6  6
025C  4  4
025D  6  6
025E  4  4
025F  6  6
0260  6  6
0261 11 11
0262 11 11
0263 11 11
0264 20 20
0265 20 20
0266 30 30
0267  4  4
0268  4  4
0269  4  4
026A  4  4
026B  4  4
026C  4  4
026D  4  4
026F  2  2
0270  2  2
0271 40 40
0272 44 44
0273 30 30
0274  8  8
0275 37 37
0276 -1 51
0277 84 84
0278  2  2
0279  2  2
027A -1  4
027B 14 14
027C 60 60
027D 62 62
027E -1  6
027F  8  8
0280 12 12
0281  4  4
0282 284 284
0283  6  6
0284 14 14
0285  6  6
0286  4  4
0287 -1 12
0288 -1 10
0289 12 12
028A 18 18
028B -1  4
028C 46 46
028D 34 34
028E  4  4
028F  6  6
0290  4  4
0291  4  4
0292  2  2
0293 70 70
0294 10 10
0295 -1  4
0296 -1  4
0297 -1  4
0298  8  8
0299  6  6
029A 27 27
029B 80 80
029C 66 66
029D -1  4
029E 11 11
029F  3  3
02A2  8  8
02A5  8  8
02AA  4  4
02AB 36 36
02AC  6  6
02AD  8  8
02B0 85 85
02B1 -1  8
02B2 -1  8
02B3 107 107
02B4  6  6
02B5 -1  6
02B6  7  7
02B7  7  7
02B8 22 22
02B9 191 191
02BA 11 11
02BB  8  8
02BC  6  6
02C1 -1 12
02C2 -1  6
02C4 26 26
02C5 30 30
02C6 30 30
02C7  7  7
02C8  3  3
02C9  3  3
02CA  3  3
02CB 65 65
02CC  4  4
02CD 71 71
02CE 10 10
02CF  6  6
02D0 -1  4
02D1 -1  4
02D2 -1  4
02D3  4  4
02D4 29 29
02D5  2  2
02D6  6  6
02D7 -1 43
02D8 10 10
02D9 10 10
02DA  3  3
02DB -1  4
02DC -1 32
02DD 32 32
02DE  6  6
02DF 36 36
02E0 34 34
02E1 33 33
02E2 20 20
02E3 22 22
02E4 11 11
02E5  9  9
02E6  6  6
02E7 -1  6
02E8 -1  4
02E9 -1  4
02EA -1  4
02EB 13 13
02EC 67 67
02ED 59 59
02EE 60 60
02EF  8  8
02F0 10 10
02F1  2  2
02F2  2  2
02F3 -1 19
02F4 -1 19
02F5 -1 19
02F6 -1 19
02F7 -1 19
02F8 -1 19
02F9 -1 19
02FA -1 67
02FB -1 67
02FC -1 67
02FD -1 67
02FE -1 67
02FF -1 67
0300 -1 67
0301 -1 57
0302 -1 57
0303 -1 57
0304 -1 57
0305 -1 57
0306 -1 57
0307 -1 57
0308 -1  4
0309 -1  4
030A -1  4
030B -1  4
030C -1  4
030D -1  4
030E -1  4
030F -1  4
0310 -1  4
0311 -1  4
0312 -1  4
0313 -1  4
0314 -1  4
0315 -1  4
0316 -1  4
0317 -1  4
0318 -1  4
0319 -1  4
031A -1  4
031B -1  4
031C -1  4
031D -1  4
031E -1  4
031F -1  4
0320 -1  4
0321 -1  4
0322 -1  4
0323 -1  4
0324 -1  4
0325 -1  4
0326 -1  4
0327 -1  4
0328 -1  4
0329 -1  4
032A -1  4
032B -1  4
032C -1  4
032D -1  4
032E -1  4
032F -1  4
0330 -1  4
0331 -1  4
0332 -1  5
0333 -1  4
0334 -1  4
0335 -1  4
0336 -1  4
0337 -1  4
0338 -1  4
0339 -1  4
033A -1  4
033B -1  4
033C -1  4
033D -1  4
033E -1  4
033F -1  4
0340 -1  4
0341 -1  4
0342 -1  4
0343 -1  4
0344 -1  4
0345 -1  4
0346 -1  4
0347 -1  4
0348 -1  4
0349 -1  4
034A -1  4
034B -1  4
034C -1  4
034D -1  4
034E -1  4
034F -1  4
0350 -1  4
0351 -1  4
0352 -1  4
0353 -1  4
0354 -1  4
0355 -1  4
0356 -1  4
0357 -1  4
0358 -1  4
0359 -1  4
035A -1  4
035B -1  4
035C  2  2
035D -1 20
035E  2  2
035F -1 69
0360 -1 69
0361 -1 69
0362 -1 69
0363 -1 69
0364 -1 69
0365 -1 69
0366 -1 69
0367 -1 69
0368 -1 69
0369 -1 69
036A -1 69
036B -1 69
036C -1 69
036D -1 69
036E -1 69
036F -1 69
0370 -1 69
0371 -1 69
0372 -1 69
0373 -1 69
0374 -1 69
0375 -1 69
0376 -1 69
0377 -1 69
0378 -1 69
0379 -1 69
037A -1 69
037B -1 69
037C -1 69
037D -1 69
037E -1 69
037F -1 69
0380 -1 69
0381 -1 69
0382 -1 69
0383 -1 69
0384 -1 69
0385 -1 69
0386 -1 69
0387 -1 69
0388 -1 69
0389 -1 59
038A -1 59
038B -1 59
038C -1 59
038D -1 59
038E -1 59
038F -1 59
0390 -1 59
0391 -1 59
0392 -1 59
0393 -1 59
0394 -1 59
0395 -1 59
0396 -1 59
0397 -1 59
0398 -1 59
0399 -1 59
039A -1 59
039B -1 59
039C -1 59
039D -1 59
039E -1 59
039F -1 59
03A0 -1 59
03A1 -1 59
03A2 -1 59
03A3 -1 59
03A4 -1 59
03A5 -1 59
03A6 -1 59
03A7 -1 59
03A8 -1 59
03A9 -1 59
03AA -1 59
03AB -1 59
03AC -1 59
03AD -1 59
03AE -1 59
03AF -1 59
03B0 -1 59
03B1 -1 59
03B2 -1 59
03B3 -1 19
03B4 -1 19
03B5 -1 19
03B6 -1 19
03B7 -1 19
03B8 -1 19
03B9 -1 19
03BA -1 19
03BB -1 19
03BC -1 19
03BD -1 19
03BE -1 19
03BF -1 19
03C0 -1 19
03C1 -1 19
03C2 -1 19
03C3 -1 19
03C4 -1 19
03C5 -1 19
03C6 -1 19
03C7 -1 19
03C8 -1 19
03C9 -1 19
03CA -1 19
03CB -1 19
03CC -1 19
03CD -1 19
03CE -1 19
03CF -1 19
03D0 -1 19
03D1 -1 19
03D2 -1 19
03D3 -1 19
03D4 -1 19
03D5 -1 19
03D6 -1 19
03D7 -1 19
03D8 -1 19
03D9 -1 19
03DA -1 19
03DB -1 19
03DC -1 19
03DD 18 18
03DE 18 18
03E2 -1 35
03E3 -1 35
03E4 -1 35
03E5 -1 35
03E6 -1 35
03E7 -1 35
03E8 -1 35
03E9 -1 35
03EA -1 35
03EB -1 35
03EC -1 35
03ED -1 35
03EE -1 35
03EF -1 35
03F0 -1 35
03F1 -1 35
03F2 -1 35
03F3 -1 35
03F4 -1 35
03F5 -1 35
03F6 -1 35
03F7 -1 35
03F8 -1 35
03F9 -1 35
03FA -1 35
03FB -1 35
03FC -1 35
03FD -1 35
03FE -1 35
03FF -1 35
0400 -1 35
0401 -1 35
0402 -1 35
0403 -1 35
0404 -1 35
0405 -1 35
0406 -1 35
0407 -1 35
0408 -1 35
0409 -1 35
040A -1 35
040B -1 35
040C -1 16
040D -1 16
040E -1 16
040F -1 16
0410 -1 16
0411 -1 16
0412 -1 16
0413 -1 16
0414 -1 16
0415 -1 16
0416 -1 16
0417 -1 16
0418 -1 16
0419 -1 16
041A -1 16
041B -1 16
041C -1 16
041D -1 16
041E -1 16
041F -1 16
0420 -1 16
0421 -1 16
0422 -1 16
0423 -1 16
0424 -1 16
0425 -1 16
0426 -1 16
0427 -1 16
0428 -1 16
0429 -1 16
042A -1 16
042B -1 16
042C -1 16
042D -1 16
042E -1 16
042F -1 16
0430 -1 16
0431 -1 16
0432 -1 16
0433 -1 16
0434 -1 16
0435 -1 16
0436 19 19
0437  7  7
0438 10 10
0439  8  8
043D  8  8
043E -1  4
043F 25 25
0440 10 10
0441  4  4
0442 -1  8
0443  8  8
0443  8  8
0444 -1 12
0445 10 10
0446 14 14
0447  2  2
0448 -1  4
044A  6  6
044B  2  2
07D7  8  8
07D8  8  8
07D9 268 268
07DA  6  6
07DB  8  8
07DC  6  6
07DD 54 54
07DE 30 30
07DF 54 54
07E0 58 58
07E1 15 15
07E2  8  8
07E3  6  6
07E4 -1 12
07E5  4  4
07E6  8  8
07E7 32 32
07E8 -1  4
07E9  5  5
07EA  2  2
07EB -1  8
07EC  8  8
07ED 10 10
07EE  6  6
07EF  8  8
07F0  6  6
07F1 18 18
07F2  8  8
07F3  6  6
07F4  3  3
07F5  6  6
07F6 14 14
07F7 -1 69
07F8 -1 62
07F9 -1 63
07FA  8  8
07FB 25 25
07FC 10 10
07FD -1  7
07FE 26 26
07FF -1  4
0800 -1 12
0801 -1 12
0802 18 18
0803  4  4
0804 14 14
0805 -1  5
0806  2  2
0807  4  4
0808 14 14
0809 50 50
080A 18 18
080B  6  6
080C  2  2
080D  3  3
080E 14 14
080F 20 20
0810  3  3
0811 -1 89
0812  8  8
0813 -1 12
0814 86 86
0815  2  2
0816  6  6
0817  6  6
0818 -1 16
0819 -1 12
081A  4  4
081B 10 10
081C 10 10
081D 22 22
081E  8  8
081F -1  9
0820 11 11
0821  2  2
0822  9  9
0823 -1  6
0824  6  6
0825 -1 92
0827  6  6
0828 14 14
0829 12 12
082A 10 10
082B  6  6
082C 10 10
0835 -1 15
0836 -1  7
0837  3  3
0838  2  2
0839 66 66
083A  5  5
083B  2  2
083C 12 12
083D  6  6
083E 26 26
0840 -1  4
0841  4  4
0842  6  6
0843  6  6
0844  2  2
0845 10 10
0846  4  4
0847 -1  6
0848 -1 10
0849 16 16
084A  2  2
084B 19 19
084C 10 10
084D 10 10
084E  5  5
084F  6  6
0850  7  7
0851 -1  4
0852  2  2
0853 -1  4
0854 -1  4
0855  6  6
