# Generated by ROX_extractor at 2013-07-10 13:06:29
086B 2 2 0
088D 8 8 0
0968 6 6 0
095D 2 2 0
0955 2 2 0
0946 2 2 0
088F 2 2 0
08AD 2 2 0
0872 2 2 0
0364 2 2 0
088B 2 2 0
0931 2 2 0
0936 18 18 0
0873 2 2 0
0865 2 2 0
087F 2 2 0
0897 2 2 0
092F 2 2 0
0963 2 2 0
095C 2 2 0
0894 2 2 0
094C 2 2 0
0281 26 26 0
087E 2 2 0
08A0 2 2 0
0874 2 2 0
0920 2 2 0
0943 2 2 0
092A 2 2 0
0923 2 2 0
08AA 2 2 0
083C 10 10 0
08A7 2 2 0
092C 2 2 0
0815 4 4 0
0893 2 2 0
0887 36 36 0
0361 2 2 0
0959 2 2 0
0935 2 2 0
0964 2 2 0
08A1 2 2 0
087A 2 2 0
0368 6 6 0
08A3 2 2 0
0835 2 2 0
091D 2 2 0
08A8 2 2 0
0899 2 2 0
0802 2 2 0
0877 2 2 0
089C 2 2 0
0863 2 2 0
0956 2 2 0
0869 2 2 0
0369 7 7 0
0879 2 2 0
088C 2 2 0
0951 2 2 0
093C 2 2 0
0933 2 2 0
089B 2 2 0
086E 2 2 0
088E 2 2 0
0919 2 2 0
0925 2 2 0
0202 -1 89 0
0944 2 2 0
0891 2 2 0
0924 2 2 0
08A9 2 2 0
094E 2 2 0
089D 2 2 0
0917 2 2 0
0948 2 2 0
0958 2 2 0
0878 2 2 0
086F 2 2 0
093A 26 26 0
0838 12 12 0
0939 2 2 0
092B 2 2 0
0896 2 2 0
0945 2 2 0
094A 8 8 0
0870 2 2 0
0929 2 2 0
085B 2 2 0
023B 2 2 0
0926 2 2 0
0819 -1 15 0
0362 2 2 0
0365 2 2 0
0967 2 2 0
0866 2 2 0
0960 8 8 0
0360 6 6 0
0921 2 2 0
0966 2 2 0
093F 2 2 0
0367 5 5 0
087D 2 2 0
0882 2 2 0
0938 2 2 0
0895 2 2 0
0922 2 2 0
095E 2 2 0
093D 2 2 0
095B 2 2 0
0864 2 2 0
086D 19 19 0
0947 2 2 0
0862 2 2 0
0961 2 2 0
0438 10 10 0
0437 2 2 0
0932 2 2 0
035F 6 6 0
08AB 5 5 0
0927 2 2 0
0881 2 2 0
0892 2 2 0
0860 2 2 0
0886 2 2 0
0898 2 2 0
095A 2 2 0
0875 2 2 0
0962 2 2 0
0871 2 2 0
0918 2 2 0
092D 2 2 0
091F 2 2 0
086C 2 2 0
0954 2 2 0
0957 2 2 0
08A4 2 2 0
093E 2 2 0
089A 2 2 0
0817 2 2 0
0934 2 2 0
08A2 2 2 0
0930 2 2 0
0889 2 2 0
0941 2 2 0
0883 2 2 0
0969 2 2 0
0366 90 90 0
089E 2 2 0
085E 2 2 0
02C4 2 2 0
0436 2 2 0
087B 2 2 0
0942 2 2 0
0884 2 2 0
0890 2 2 0
0880 2 2 0
093B 2 2 0
0811 -1 12 0
094F 2 2 0
091A 2 2 0
094B 2 2 0
08AC 2 2 0
0952 2 2 0
085C 2 2 0
0888 -1 12 0
0949 2 2 0
089F 2 2 0
091C 2 2 0
0868 2 2 0
07EC 2 2 0
087C 6 6 0
0861 2 2 0
085A 2 2 0
08A5 2 2 0
0867 2 2 0
0928 2 2 0
0950 2 2 0
096A 6 6 0
085F 2 2 0
07E4 2 2 0
095F 2 2 0
094D 2 2 0
0965 2 2 0
022D 2 2 0
0937 2 2 0
0940 2 2 0
092E 2 2 0
091E 2 2 0
0876 2 2 0
08A6 2 2 0
088A 2 2 0
091B 2 2 0
0885 5 5 0
0953 2 2 0
086A 2 2 0
0363 2 2 0
085D 2 2 0
