#Packet extractor by lututui
#Date: 19/09/2017 15:36:33
#Encryption Keys: 0x72835543 0x28DE13E7 0x00C96C79
0187 6 6 0
0081 3 3 0
01C6 4 4 0
01C7 2 2 1
0064 55 55 0
0069 -1 47 0
006A 23 23 0
01DB 2 2 0
01DC -1 4 0
01DD 47 47 0
01FA 48 48 0
0204 18 18 0
01F1 -1 4 0
0200 26 26 0
01BE 2 2 0
01BF 3 3 0
0065 17 17 0
0066 3 3 0
0067 37 37 0
0970 31 31 0
020D -1 4 0
006B -1 4 0
006C 3 3 0
006D 146 146 0
006E 3 3 0
0071 28 28 0
0068 46 46 0
01FB 56 56 0
006F 2 2 0
0070 3 3 0
02CA 3 3 0
0072 19 19 0
0082 2 2 0
0085 5 5 0
0089 7 7 0
008C -1 4 0
007E 6 6 0
007D 2 2 0
0090 7 7 0
0099 -1 4 0
019C -1 4 0
009B 5 5 0
00CC 6 6 0
00CE 2 2 0
009F 6 6 0
00A2 6 6 0
00A7 8 8 0
00A9 6 6 0
00AB 4 4 0
00B8 7 7 0
00B9 6 6 0
00B2 3 3 0
00BA 2 2 0
00BB 5 5 0
00BF 3 3 0
00C1 2 2 0
00C5 7 7 0
00C8 -1 4 0
00C9 -1 4 0
0096 -1 28 0
00CF 27 27 0
00D0 3 3 0
00D3 2 2 0
00D5 -1 15 0
00D9 14 14 0
00DE -1 15 0
00E0 30 30 0
00E2 26 26 0
00E3 2 2 0
00E4 6 6 0
00E6 3 3 0
00E8 8 8 0
00EB 2 2 0
00ED 2 2 0
00EF 2 2 0
00F3 8 8 0
00F5 8 8 0
00F7 2 2 0
00F9 26 26 0
01E8 28 28 0
00FC 6 6 0
00FF 10 10 0
0102 6 6 0
0100 2 2 0
0103 30 30 0
0108 -1 4 0
0112 4 4 0
0113 10 10 0
0116 10 10 0
0118 2 2 0
011B 20 20 0
011D 2 2 0
0126 8 8 0
0127 8 8 0
0128 8 8 0
0129 8 8 0
012A 2 2 0
012E 2 2 0
012F -1 84 0
01B2 -1 85 0
0134 -1 8 0
0130 6 6 0
0138 3 3 0
013F 26 26 0
0140 22 22 0
0143 10 10 0
0146 6 6 0
0178 4 4 0
017A 4 4 0
017C 6 6 0
01FD 15 15 0
018A 4 4 0
018E 10 10 0
0190 90 90 0
0197 4 4 0
0198 4 4 0
01AE 6 6 0
025B 4 4 0
01AF 6 6 1
01B9 30 30 1
01CD 6 6 0
01CE 8 8 0
0443 28 28 1
01CF 8 8 1
01D0 8 8 1
01E1 14 14 1
01D1 10 10 1
01D2 6 6 0
0094 30 30 1
0095 102 102 1
0195 6 6 0
0193 6 6 0
0175 106 106 0
0176 53 53 1
0079 6 6 0
019D -1 4 1
014C 2 2 0
014D 6 6 1
014E 6 6 0
014F 110 110 1
0150 114 114 1
01B6 6 6 0
0151 -1 12 1
0152 -1 4 0
0153 -1 4 1
0154 -1 4 1
0166 -1 4 0
0155 -1 4 1
0156 6 6 0
0157 54 54 0
0159 66 66 1
015A 54 54 0
015B 90 90 1
015C 42 42 0
015D 6 6 1
015E 42 42 1
015F -1 4 1
0160 -1 4 0
0161 -1 6 1
0162 -1 4 1
0163 -1 4 1
0164 30 30 0
0165 3 3 1
0167 14 14 0
0168 3 3 1
0169 30 30 1
016A 10 10 0
016B 9 9 0
0149 6 6 1
014A 27 27 1
014B 186 186 0
016E 182 182 1
016F -1 4 0
017E -1 4 1
017F 30 30 0
0165 -1 4 1
0166 3 3 1
0167 14 14 0
0168 3 3 1
0169 30 30 1
016A 10 10 0
016B 43 43 1
016C 43 43 1
016C 14 14 1
016D 20 20 1
01F2 14 14 0
0170 30 30 1
0171 10 10 0
0172 3 3 1
0173 -1 4 1
0174 6 6 0
0180 3 3 1
0181 106 106 1
0182 10 10 0
0183 10 10 1
0184 34 34 1
0185 2 2 1
019E 6 6 0
019F 3 3 1
01A0 3 3 0
01A1 37 37 1
01A2 5 5 1
01A3 11 11 1
01A4 26 26 0
01A5 -1 4 1
01A6 4 4 0
01A7 4 4 0
01A8 6 6 0
01A9 10 10 1
01AA 3 3 0
01CA 11 11 1
01B0 7 7 1
01B1 26 26 0
01BA 26 26 0
01BB 26 26 0
01BC 26 26 0
01BD 2 2 0
01C0 14 14 1
01C1 10 10 1
01C2 35 35 1
01D3 -1 8 0
01D5 6 6 1
01D4 6 6 0
01DF 10 10 1
01F3 14 14 1
0284 10 10 1
01FF 2 2 0
01ED 2 2 0
01E7 6 6 0
01B7 14 14 0
01F7 14 14 0
01E3 9 9 0
01CB 6 6 0
01F9 6 6 0
01E5 -1 4 1
0201 10 10 0
0203 26 26 1
0205 11 11 1
0206 34 34 1
0207 14 14 0
0208 36 36 1
0209 10 10 1
020A 32 32 1
020E 26 26 0
0212 26 26 0
0213 42 42 1
0214 6 6 1
0215 6 6 1
0216 2 2 0
0217 2 2 0
0218 2 2 0
0225 282 282 1
0219 282 282 1
021A 282 282 1
0226 284 284 1
0282 10 10 1
021B 10 10 1
021C 10 10 1
0224 12 12 1
0280 6 6 1
0285 4 4 0
0286 6 6 0
021D 6 6 0
021E 66 66 1
021F 6 6 0
0222 -1 4 1
0221 10 10 1
0220 8 8 1
0223 11 11 1
0073 3 3 0
0074 -1 11 1
0075 9 9 1
0076 5 5 1
0077 55 55 1
0078 58 58 1
007A 60 60 1
007B 44 44 1
007C 6 6 1
007F 7 7 1
0080 2 2 1
0083 2 2 1
0084 16 16 1
0086 12 12 1
0087 10 10 1
0088 10 10 1
08CD 29 29 1
008A 23 23 1
008B -1 8 1
008D -1 4 1
008E 22 22 1
0091 28 28 1
0092 2 2 1
0093 -1 32 1
0097 3 3 1
0098 -1 4 1
009A 9 9 1
009C 17 17 1
009D 17 17 1
009E 23 23 1
00A0 6 6 1
00A1 -1 4 1
00A3 -1 4 1
00A4 -1 4 1
00A5 -1 4 1
00A6 7 7 1
00A8 9 9 1
00AA 7 7 1
00AC -1 4 1
00AE 6 6 1
00AF 8 8 1
00B0 8 8 1
00B1 3 3 0
00B3 -1 8 1
00B4 6 6 1
00B5 6 6 1
00B6 -1 8 1
00B7 6 6 1
00BC 44 44 1
00BD 5 5 1
00BE 7 7 1
00C0 6 6 1
00C2 8 8 1
00C3 6 6 1
00C4 -1 4 1
00C6 -1 4 1
00C7 3 3 1
00CA 3 3 1
00CB 3 3 1
00CD 4 4 1
00D1 4 4 1
00D2 -1 4 1
00D4 3 3 1
00D6 -1 17 1
00D7 6 6 1
00D8 3 3 1
00DA -1 8 1
00DB 28 28 1
00DC 29 29 1
00DD -1 17 1
00DF 30 30 1
00E1 26 26 1
00E5 3 3 1
00E7 19 19 1
00E9 5 5 1
00EA 3 3 1
00EC 2 2 1
00EE 3 3 1
00F0 2 2 1
00F1 6 6 1
00F2 21 21 1
00F4 8 8 1
00F6 2 2 1
00F8 3 3 1
00FA -1 28 1
00FB 27 27 1
00FD 30 30 1
00FE 6 6 1
0101 79 79 1
0104 31 31 1
0105 10 10 1
0106 10 10 1
0107 -1 8 1
0109 4 4 1
010A 6 6 1
010B 6 6 1
010C 2 2 1
010D 11 11 1
010E -1 4 1
010F -1 8 1
02B1 -1 8 1
02B2 -1 6 1
02B5 10 10 1
0110 39 39 1
0111 31 31 1
0114 35 35 1
0115 18 18 1
0117 13 13 1
0119 15 15 1
0229 15 15 1
011A 68 68 1
011C 3 3 1
011E 16 16 1
011F 6 6 1
0120 14 14 1
0121 -1 4 1
0122 -1 4 1
0123 21 21 1
0124 8 8 1
0125 2 2 1
012B 3 3 1
012C 4 4 1
012D 86 86 1
0131 6 6 1
0132 -1 8 1
0133 7 7 1
0135 -1 8 1
0136 6 6 1
0137 16 16 1
0139 4 4 1
013A 4 4 1
013B 4 4 1
013C 6 6 1
013D 24 24 1
013E 14 14 1
0141 6 6 1
0142 23 23 1
0144 19 19 1
0145 39 39 1
0147 8 8 1
0148 -1 4 1
0177 5 5 1
0179 -1 4 1
017B 7 7 1
017D 8 8 1
0188 4 4 1
0189 4 4 0
018B 29 29 1
018C -1 4 1
018D 6 6 1
018F 86 86 1
0191 24 24 1
0192 30 30 1
0194 9 9 1
0196 18 18 1
028A 4 4 1
0199 14 14 1
019A 10 10 1
019B 12 12 1
01AB 6 6 1
01AC -1 4 1
01AD -1 4 1
025A 67 67 1
01B3 12 12 1
01B4 18 18 0
01B5 3 3 1
01B8 -1 16 1
01C3 22 22 1
01C4 22 22 1
01C5 13 13 1
01C8 97 97 1
01C9 9 9 1
01CC 4 4 1
01D6 11 11 1
01D7 54 54 1
01D8 58 58 1
022A 53 53 1
01D9 57 57 1
022B 60 60 1
01DA 65 65 1
022C 33 33 1
01DE 30 30 1
01E0 34 34 1
01E2 2 2 1
01E4 26 26 1
01E6 81 81 1
01E9 6 6 1
01EA 10 10 1
01EB 26 26 1
01EC -1 4 1
01EE -1 4 1
01EF -1 4 1
01F0 32 32 1
01F4 9 9 1
01F5 34 34 1
01F6 3 3 1
0253 3 3 0
0254 2 2 1
01F8 -1 4 1
01FC 5 5 1
01FE 18 18 0
0227 18 18 0
0228 9 9 0
0232 11 11 0
0233 6 6 0
0234 12 12 1
0230 71 71 1
022E 62 62 0
027D -1 4 1
0235 11 11 1
0239 5 5 1
022F 26 26 0
0231 2 2 0
0237 282 282 1
0238 10 10 1
0236 4 4 0
023A 6 6 0
023C 6 6 0
023D 8 8 0
023E 2 2 0
023F -1 8 1
0240 6 6 0
0241 -1 99 1
0242 6 6 0
0243 8 8 1
0257 6 6 0
0244 3 3 1
0245 4 4 0
0246 8 8 0
0247 -1 68 0
0248 3 3 1
0249 70 70 1
024A 4 4 0
024B 8 8 0
024C 12 12 0
024D 6 6 0
024E 10 10 0
024F 3 3 1
0250 34 34 0
0251 -1 12 1
0252 5 5 1
0255 5 5 1
0256 2 2 0
0258 3 3 0
0259 4 4 0
025C 6 6 1
025D 4 4 0
025E 6 6 1
025F 6 6 1
0260 11 11 0
0261 11 11 0
0262 11 11 0
0263 20 20 0
0264 20 20 0
0265 30 30 0
0266 4 4 0
0267 4 4 0
0268 4 4 0
0269 4 4 0
026A 4 4 0
026B 4 4 0
026C 4 4 0
026D 2 2 0
026F 2 2 0
0270 40 40 0
0271 44 44 0
0272 30 30 0
0273 8 8 1
0274 37 37 0
0275 -1 51 0
0276 84 84 0
0277 2 2 0
0278 2 2 0
0279 -1 4 1
027A 14 14 0
027B 60 60 0
027C -1 6 0
027E 8 8 0
027F 6 6 1
0283 -1 8 1
0287 6 6 0
0288 8 8 1
0289 -1 8 1
0444 6 6 0
0445 -1 4 0
028B 46 46 0
028C 34 34 0
028D 4 4 0
028E 6 6 0
028F 4 4 0
0290 4 4 1
0291 2 2 0
0292 70 70 1
0293 10 10 1
0294 -1 4 1
0295 -1 4 1
0296 -1 4 1
0297 8 8 1
0298 6 6 1
0299 27 27 1
029A 80 80 1
029B 66 66 0
029C -1 4 1
029D 11 11 1
029E 3 3 0
029F 8 8 1
02A2 8 8 0
02A5 -1 10 0
02A6 -1 10 0
02A7 4 4 0
02AA 36 36 0
02AB 6 6 0
02AC 8 8 0
02AD 85 85 0
02B0 22 22 1
02B8 8 8 1
02BB 191 191 1
02B9 11 11 0
02BA 6 6 0
02BC 107 107 1
02B3 6 6 1
02B4 7 7 0
02B6 7 7 1
02B7 -1 12 1
02C1 -1 6 1
02C2 30 30 1
02C5 3 3 0
02C8 3 3 1
02C9 30 30 1
02C6 7 7 0
02C7 65 65 1
02CB 4 4 1
02CC 71 71 1
02CD 10 10 1
02CE 6 6 0
02CF 2 2 1
02D5 -1 4 1
02D0 -1 4 1
02D1 -1 4 1
02D2 4 4 1
02D3 29 29 1
02D4 6 6 0
02D6 -1 43 1
02D7 10 10 0
02D8 10 10 1
02D9 3 3 1
02DA -1 4 0
02DB -1 32 1
02DC 32 32 1
02DD 6 6 1
02DE 36 36 1
02DF 34 34 1
02E0 33 33 1
02E1 8 8 0
02E2 10 10 0
02E3 6 6 0
02E4 5 5 0
02E5 6 6 0
02E6 -1 6 1
02E7 -1 4 1
02E8 -1 4 1
02E9 -1 4 1
02EA 13 13 1
02EB 67 67 1
02EC 59 59 1
02ED 60 60 1
02EE 8 8 1
02EF 10 10 1
02F0 2 2 0
02F1 2 2 1
02F2 2 2 0
035C -1 16 0
035D 2 2 0
035E 18 18 0
03DD 18 18 0
03DE 8 8 0
0439 8 8 1
043D -1 4 1
043E 25 25 1
043F 10 10 1
0440 4 4 1
0441 -1 8 1
0442 8 8 0
0443 14 14 1
0446 -1 4 0
0448 4 4 0
0449 6 6 0
044A 2 2 0
044B 2 2 0
0447 8 8 0
07D7 8 8 1
07D8 268 268 1
07D9 6 6 0
07DA 8 8 1
07DB 6 6 0
07DC 54 54 1
07DD 30 30 0
07DE 54 54 0
07DF 58 58 0
07E0 15 15 1
07E1 8 8 1
07E2 6 6 1
07E3 8 8 1
07E6 4 4 0
07E5 -1 4 0
07E8 32 32 0
07E7 5 5 0
07E9 2 2 0
07EA -1 8 1
07EB 10 10 1
07ED 6 6 0
07EE 8 8 1
07EF 6 6 0
07F0 18 18 1
07F1 8 8 1
07F2 6 6 1
07F3 3 3 0
07F4 6 6 0
07F5 14 14 1
07F6 -1 69 1
07F7 -1 62 1
07F8 -1 63 1
07F9 8 8 1
07FA 25 25 1
07FB 10 10 1
07FC -1 7 1
07FD 26 26 1
07FE -1 12 1
0800 -1 12 0
0801 4 4 1
0803 14 14 0
0804 -1 5 1
0805 2 2 0
0806 4 4 1
0807 14 14 0
0808 50 50 1
0809 18 18 1
080A 6 6 1
080B 2 2 0
080C 3 3 1
080D 14 14 1
080E 20 20 1
080F 3 3 1
0810 8 8 1
0812 -1 12 1
0813 86 86 1
0814 6 6 1
0816 -1 16 1
0818 4 4 1
081A 6 6 1
0824 10 10 1
081B 10 10 1
081C 22 22 1
081D 8 8 1
081E -1 9 1
081F 11 11 0
0820 2 2 0
0821 9 9 0
0822 -1 6 0
0823 -1 65 0
0825 4 4 0
0826 -1 7 0
0836 3 3 0
0837 66 66 1
0839 5 5 0
083A 2 2 0
083B 6 6 0
083D 26 26 0
083E -1 4 0
0840 4 4 0
0841 6 6 0
0827 14 14 0
0828 12 12 0
0829 10 10 0
082A 6 6 0
082B 10 10 0
082C 6 6 0
0842 6 6 0
0843 2 2 0
0844 6 6 0
0845 4 4 0
0846 -1 6 0
0847 -1 6 0
0848 12 12 0
0849 2 2 0
084A 19 19 1
084B 10 10 0
084C 10 10 0
084D 5 5 0
084E 6 6 0
084F 7 7 0
0850 6 6 0
0855 -1 4 0
0851 2 2 0
0852 -1 4 0
0853 -1 4 0
0854 -1 71 1
0856 -1 65 1
0857 -1 64 1
0858 -1 45 1
0859 -1 4 0
08B1 -1 29 0
082D -1 6 0
08B2 10 10 0
08AF 17 17 0
08B0 -1 8 0
08B3 2 2 0
08B4 6 6 0
08B5 3 3 0
08B6 -1 68 0
02F3 3 3 0
02F4 7 7 0
02F5 7 7 0
02F6 10 10 0
08B8 12 12 0
08B9 10 10 0
08BA 8 8 0
08BB 10 10 0
08BC 8 8 0
08BD 14 14 0
08BE 8 8 0
08BF 10 10 0
08C3 8 8 0
08C4 6 6 0
08C5 4 4 0
08C6 -1 10 0
08C0 2 2 0
08C1 2 2 0
08C2 -1 19 1
08C7 34 34 1
08C8 2 2 0
08C9 -1 8 0
08CA -1 10 0
08CB -1 16 0
097B 109 109 0
08CC 2 2 0
08CE 10 10 0
08CF 9 9 1
08D0 7 7 1
08D1 10 10 1
08D2 10 10 0
08D3 8 8 0
08D4 -1 8 0
08D5 6 6 0
08D6 28 28 1
08D7 27 27 1
08D8 30 30 1
08D9 26 26 1
08DA 27 27 1
08DB 26 26 1
08DC 27 27 1
08DD 27 27 1
08DE 50 50 1
08DF 51 51 1
08E0 51 51 1
08E1 27 27 0
08E2 146 146 0
08E3 6 6 0
08E4 30 30 0
08FC 6 6 0
08FD -1 4 1
08FE 24 24 1
08FF -1 4 1
0900 -1 4 1
0901 -1 4 1
0902 -1 4 1
0903 -1 4 1
0904 -1 4 1
0905 -1 45 1
0906 5 5 0
0907 5 5 1
0908 26 26 1
090A -1 10 1
090D 2 2 0
090E 10 10 1
0910 30 30 1
0911 10 10 1
0912 30 30 1
0913 -1 80 1
0914 -1 73 1
090F -1 74 1
0915 26 26 1
0916 4 4 1
096B 6 6 1
096C -1 4 1
096D -1 4 1
096E 7 7 1
096F 6 6 1
0971 -1 9 1
0972 7 7 1
0973 2 2 1
0974 -1 28 1
0975 -1 28 1
0976 14 14 1
0977 6 6 0
0978 50 50 0
0979 -1 8 1
097A 4 4 0
097C 288 288 1
097D 12 12 1
097E -1 8 1
097F 7 7 1
0980 -1 12 0
0981 7 7 0
0982 29 29 1
0983 28 28 1
0984 -1 4 1
0985 10 10 0
0986 -1 41 0
0987 6 6 0
0988 2 2 0
0989 -1 74 0
098A -1 4 0
098D -1 28 0
098E 2 2 0
098B 4 4 0
098C -1 8 0
098F 31 31 1
0990 -1 4 1
0991 -1 4 1
0992 -1 4 1
0993 -1 4 1
0994 -1 28 1
0995 -1 28 1
0996 -1 45 1
0997 8 8 1
0998 11 11 1
0999 9 9 1
099A 8 8 1
099B 6 6 0
099C -1 4 0
099D 12 12 0
099E -1 22 1
099F 6 6 0
09A0 2 2 0
09A1 6 6 0
09A2 -1 8 0
09A3 18 18 0
09A4 7 7 0
09A5 6 6 0
09AB 12 12 0
09A6 10 10 0
09A7 16 16 0
09A8 10 10 0
09A9 16 16 0
09AA -1 8 0
09AC 10 10 0
09AD 17 17 0
09AE 4 4 0
09AF 8 8 0
09B0 4 4 0
09B1 8 8 0
09B2 4 4 0
09B3 6 6 0
09B4 2 2 0
09B5 6 6 0
09B6 4 4 0
09B7 6 6 0
09B8 4 4 0
09B9 2 2 0
09BA 6 6 0
09BB 6 6 0
09BC 2 2 0
09BD 2 2 0
09BE 4 4 0
09BF 10 10 0
09C1 -1 4 0
09C2 8 8 0
09C3 8 8 0
09C4 1042 1042 0
09C5 -1 16 0
09C6 18 18 0
09C7 -1 13 0
09C8 -1 4 0
09C9 -1 23 1
09CA 17 17 1
09CB -1 4 0
09CC 8 8 1
09CD 102 102 1
09CE -1 4 0
09CF -1 4 0
09D0 14 14 1
09D1 -1 28 0
09D2 -1 28 0
09D3 2 2 0
09D4 -1 4 1
09D5 -1 4 1
09D6 2 2 1
09D8 -1 5 1
09D7 4 4 0
09D9 -1 8 0
09DA -1 84 1
09DB -1 77 1
09DC -1 78 1
09DD -1 33 1
09DE 7 7 1
09DF -1 40 0
09E0 8 8 1
09E1 8 8 1
09E2 8 8 1
09E3 8 8 1
09E4 18 18 1
09E5 22 22 1
09E6 3 3 1
09E7 11 11 1
09E8 2 2 1
09E9 11 11 1
09EE 11 11 1
09EF -1 7 1
09F0 -1 7 1
0A7D 11 11 1
09F5 11 11 1
09F6 11 11 1
09EA -1 24 1
09EB 75 75 1
09F7 -1 64 1
09EC 3 3 1
09ED 11 11 1
09F3 12 12 1
09F4 11 11 1
09F1 12 12 1
09F2 6 6 1
0A04 53 53 1
0A05 6 6 1
0A06 9 9 1
0A07 2 2 1
0A03 26 26 1
0A08 27 27 1
0A12 26 26 1
0A13 10 10 1
0A14 34 34 1
0A51 2 2 0
0A32 -1 8 1
09F8 143 143 1
09F9 -1 6 1
09FA -1 6 0
09FB 6 6 1
09FC -1 86 1
09FD -1 79 1
09FE -1 80 1
09FF 269 269 1
0A00 3 3 0
0A01 4 4 1
0A02 45 45 1
0A09 47 47 1
0A0A 47 47 1
0A0B 56 56 1
0A0C -1 4 1
0A0D -1 4 1
0A0F -1 28 1
0A10 -1 28 1
0A11 14 14 1
0A0E 12 12 1
0A15 26 26 0
0A16 6 6 1
0A17 14 14 1
0A18 2 2 1
0A19 23 23 1
0A1A 2 2 1
0A1B -1 8 1
0A1C 2 2 1
0A1D 3 3 1
0A1E 2 2 1
0A1F 21 21 1
0A20 3 3 1
0A21 5 5 1
0A22 -1 22 1
0A23 66 66 1
0A24 6 6 1
0A25 7 7 1
0A26 8 8 1
0A27 3 3 1
0A28 6 6 0
0A29 6 6 0
0A2A 10 10 0
0A2B 12 12 0
0A2C -1 45 0
0A2D 6 6 1
0A2E 7 7 1
0A2F 106 106 1
0A30 -1 6 0
0A31 7 7 0
0A33 6 6 0
0A34 4 4 0
0A35 7 7 1
0A36 59 59 1
0A37 3 3 1
0A38 3 3 1
0A68 36 36 1
0A39 12 12 1
0A3A -1 12 1
0A3B -1 18 0
0A3C 18 18 0
0A3D -1 16 0
0A3E 9 9 0
0A3F 11 11 0
0A40 18 18 0
0A41 43 43 0
0A42 85 85 0
0A43 -1 28 0
0A44 14 14 0
0A46 3 3 0
0A47 2 2 0
0A48 20 20 0
0A49 6 6 0
0A4A 22 22 0
0A4B 28 28 0
0A4C 2 2 0
0A8F 3 3 0
0A90 -1 64 0
0A4D -1 67 0
0A79 4 4 0
0A4E 2 2 0
0A70 -1 6 0
0A4F 4 4 0
0A50 20 20 0
0A52 10 10 0
0A53 -1 8 0
0A54 2 2 0
0A55 6 6 0
0A56 6 6 0
0A57 8 8 0
0A58 -1 8 0
0A59 2 2 0
0A5A 7 7 0
0A5B 18 18 0
0A5C 6 6 0
0A5D 6 6 0
0A69 12 12 0
0A6A -1 8 0
0A6B 7 7 0
0A6C -1 4 0
0A6D -1 68 1
0A6E -1 10 1
0A6F -1 5 0
0A71 61 61 0
0A72 2 2 0
0A73 8 8 0
0A74 80 80 0
0A76 15 15 0
0A77 15 15 0
0A78 -1 4 0
0A7B -1 4 0
0A7C -1 5 1
0A7E 2 2 1
0A8C 6 6 1
0A80 -1 88 1
0A7F -1 17 1
0A8D 4 4 1
0A81 -1 96 1
0A92 -1 25 1
0A91 3 3 1
0A93 2 2 1
0A94 57 57 1
0A89 6 6 1
0A8A 46 46 1
0A82 46 46 1
0A83 94 94 1
0A84 82 82 1
0A85 -1 4 1
0A86 -1 4 1
0A87 2 2 0
0A88 2 2 0
0A8B 2 2 0
0A8E 4 4 1
0A95 51 51 0
0A96 8 8 0
0A97 10 10 0
0A98 4 4 0
0A99 10 10 0
0A9A -1 4 0
0A9B 2 2 0
0A9C 4 4 0
0ACE 4 4 0
0A9D 2 2 0
0A9E 2 2 0
0A9F 2 2 0
0AA0 4 4 0
0AA1 -1 7 0
0AA2 7 7 0
0AA3 2 2 0
0AA4 -1 4 1
0AA5 36 36 1
0AA6 6 6 1
0AA7 5 5 1
0AA8 -1 4 1
0AA9 -1 4 1
0AAA -1 5 1
0AAB 69 69 0
0AAC 14 14 1
0AB1 51 51 0
0AAD 2 2 0
0AAE 6 6 0
0AAF 6 6 0
0AB0 2 2 0
0ABA 2 2 0
0ABB 7 7 0
0AB2 19 19 0
0AB3 4 4 0
0AB4 2 2 0
0AB5 6 6 0
0AB6 4 4 0
0AB7 2 2 0
0AB8 39 39 0
0AB9 -1 4 0
0ABC 10 10 0
0ABD -1 6 0
0ABE -1 4 0
0ABF 26 26 0
0AC0 26 26 0
0AC1 -1 5 0
0AC2 2 2 0
0AC3 -1 64 0
0AC4 156 156 0
0AC5 156 156 0
0AC6 156 156 1
0AC7 2 2 0
0AC8 -1 47 0
0AC9 3 3 0
0ACA 12 12 0
0ACB 18 18 0
0ACC 23 23 0
0ACD 64 64 0
0ACF 11 11 0
0AD0 -1 8 0
0AD1 30 30 1
0AD2 -1 4 1
0AD3 -1 4 1
0AD4 2 2 0
0AD5 2 2 1
0AD6 8 8 0
0AD7 8 8 0
0AD8 -1 6 1
0AD9 30 30 1
0ADA -1 8 0
0ADB 6 6 1
0ADC 22 22 1
0ADD 2181 7 7
08A4 2 2 0
08A5 2 2 0
08A6 2 2 0
08A7 2 2 0
0362 2 2 0
08A9 2 2 0
08AA 2 2 0
08AB 2 2 0
08AC 2 2 0
07E4 2 2 0
0887 2 2 0
0942 2 2 0
0363 2 2 0
0944 2 2 0
0945 2 2 0
0946 2 2 0
0947 2 2 0
0948 2 2 0
0949 2 2 0
094A 2 2 0
094B 2 2 0
094C 2 2 0
094D 2 2 0
094E 2 2 0
094F 2 2 0
0950 2 2 0
0436 2 2 0
0952 2 2 0
0953 2 2 0
0954 2 2 0
0955 2 2 0
0956 2 2 0
0957 2 2 0
0958 2 2 0
0959 2 2 0
095A 2 2 0
095B 2 2 0
095C 2 2 0
095D 2 2 0
095E 2 2 0
095F 2 2 0
0960 2 2 0
0961 2 2 0
0962 2 2 0
0963 2 2 0
0964 2 2 0
0965 2 2 0
0886 2 2 0
0967 2 2 0
0968 2 2 0
0969   
