2224
2213
2203
2207
2215
2211
2222
2218
2210
2205
2216
2201
2212
2226
2214
2220
2208
2232
2234
2236
2237
2238
2239
2240
2241
2242
2243
2244
2245
2246
2247
2248
2249
2250
2251
2252
2253
2254
2255
2228
2256
2257
2258
2206
2235
2259
2260
2261
2262
2263
2264
2265
2266
2267
2268
2269
2270
2271
2272
2273
2274
2275
2276
2277
2278
2279
2280
2281
2282
2283
2284
2285
2286
2287
2288
2289
2290
2291
2292
2293
2294
2295
2296
2297
2298
2299
5001
5002
5003
5004
5005
5006
5007
5008
5009
5010
5011
5012
5013
5014
5015
5016
5017
5018
5019
5020
5021
5023
5024
5025
5026
5027
5028
5029
5030
5031
5032
5033
5034
5035
5036
5037
5038
5039
5040
5041
5042
5043
5328
5045
5047
5048
5049
5050
5051
5052
5053
5022
5046
5056
5057
5058
5059
5060
5061
5062
5063
5064
5065
5066
5067
5068
5069
5070
5071
5072
5073
5074
5075
5076
5077
5078
5079
5080
5081
5082
5083
5084
5085
5086
5087
5088
5089
5090
5091
5092
5093
5327
5095
5054
5098
5099
5100
5101
5102
5103
5104
5107
5108
5109
5110
5111
5112
5113
5114
5115
5116
5117
5118
5121
5129
5130
5131
5132
5133
5134
5135
5137
5138
5139
5140
5141
5142
5143
5146
5147
5260
5149
5150
5151
5152
5153
5169
5170
5171
5172
5173
5174
5175
5176
5177
5179
5181
5182
5183
5184
5185
5186
5187
5188
5189
5191
5192
5193
5194
5195
5196
5197
5198
5122
5124
5200
5203
5123
5125
5126
5127
5128
5206
5207
5205
5208
5209
5210
5211
5212
5213
5214
5225
5226
5227
5228
5229
5230
5231
5232
5233
5234
5235
5236
5237
5238
5239
5240
5241
5242
5243
5244
5245
5246
5247
5248
5249
5250
5251
5252
5253
5254
5255
5256
5297
5298
5299
5264
5273
5274
5275
5276
5277
5278
5283
5284
5285
5286
5287
5288
5289
5291
5292
5293
5294
5300
5301
5302
5303
5304
5305
5306
5307
5308
5309
5310
5311
5312
5313
5314
5315
5316
5317
5318
5319
5321
5322
5324
5325
5332
5333
5334
5335
5336
5337
5338
5339
5340
5341
5342
5343
5344
5345
5346
5352
5354
5355

5357
5358
5359
5360
5361
5362


5365

5367



5373
5374
5375
5376
5377
5378
5379
5380
5381
5382
5383
5384
5385
5387
5388
5389
5390

5393
5395
5396
5397
5398
5399
5400
5401
5402
5403
5404
5405
5406
5407
5409
5410
5411
5412
5413
5414
5415
5416
5417
5418
5420
5421
5422
5423
5424
5425
5426

5428
5429
5430
5431
5432
5433

5434
5436
5437
5438
5439
5440
5441
5442

5444
5445
5446
5447
5448
5449




5457
5458





5465
5466
5467
5468
5469
5470
5471
5472
5473
5474
5475
5476

5478
5479
5480
5481
5482
5483


5485






5498












5508











5520
5522
5523
5524
5525
5526
5527
5528
