2224
2213
2203
2207
2215
2211
2222
2218
2210
2205
2216
2201
2212
2226
2214
2220
2208
2232
2234
2236
2237
2238
2239
2240
2241
2242
2243
2244
2245
2246
2247
2248
2249
2250
2251
2252
2253
2254
2255
2228
2256
2257
2258
2206
2235
2259
2260
2261
2262
2263
2264
2265
2266
2267
2268
2269
2270
2271
2272
2273
2274
2275
2276
2277
2278
2279
2280
2281
2282
2283
2284
2285
2286
2287
2288
2289
2290
2291
2292
2293
2294
2295
2296
2297
2298
2299
5001
5002
5003
5004
5005
5006
5007
5008
5009
5010
5011
5012
5013
5014
5015
5016
5017
5018
5019
5020
5021
5023
5024
5025
5026
5027
5028
5029
5030
5031
5032
5033
5034
5035
5036
5037
5038
5039
5040
5041
5042
5043
5044
5045
5047
5048
5049
5050
5051
5052
5053
5022
5046
5056
5057
5058
5059
5060
5061
5062
5063
5064
5065
5066
5067
5068
5069
5070
5071
5072
5073
5074
5075
5076
5077
5078
5079
5080
5081
5082
5083
5084
5085
5086
5087
5088
5089
5090
5091
5092
5093
5094
5095
5096
5098
5099
5100
5101
5102
5103
5104
5107
5108
5109
5110
5111
5112
5113
5114
5115
5116
5117
5118
5121
5129
5130
5131
5132
5133
5134
5135
5137
5138
5139
5140
5141
5142
5143
5146
5147
5148
5149
5150
5151
5152
5153
5169
5170
5171
5172
5173
5174
5175
5176
5177
5179
5181
5182
5183
5184
5185
5186
5187
5188
5189
5191
5192
5193
5194
5195
5196
5197
5198
5122
5124
5200
5203
5123
5125
5126
5127
5128
5206
5207
5205
5208
5209
5210
5211
5212
5213
5214
5225
5226
5227
5228
5229
5230
5231
5232
5233
5234
5235
5236
5237
5238
5239
5240
5241
5242
5243
5244
5245
5246
5247
5248
5249
5250
5251
5252
5253
5254
5255
5256
5257
5258
5263
5264
5273
5274
5275
5276
5277
5278
5283
5284
5285
5286
5287
5288
5289
5291
5292
5293
5294
5300
5301
5302
5303
5304
5305
5306
5307
5308
5309
5310
5311
5312
5313
5314
5315
5316
5317
5318
5319
5321
5322
5324
5325
5332
5333
5334
5335
5336
5337
5338
5339
5340
5341
5342
5343
5344
5345
5346
5352
5354
5355
5808
5357
5358
5359
5360
5361
5362
5363
5364
5365
5366
5367
5370
5371
5372
5373
5374
5375
5376
5377
5378
5379
5380
5381
5382
5383
5384
5385
5387
5388
5389
5390
5392
5393
5395
5396
5397
5398
5399
5400
5401
5402
5403
5404
5405
5406
5407
5409
5410
5411
5412
5413
5414
5415
5416
5417
5418
5420
5421
5422
5423
5424
5425
5426
5427
5428
5429
5430
5431
5432
5433
5434
5435
5436
5437
5438
5439
5440
5441
5442
5443
5444
5445
5446
5447
5448
5449
5450
5451
5452
5453
5457
5458
5460
5461
5462
5463
5464
5465
5466
5467
5468
5469
5470
5471
5472
5473
5474
5475
5476
5477
5478
5479
5480
5481
5482
5483
5813
5484
5485
5489
5490
5491
5499
5500
5562
5498
5502
5505
5495
5496
5497
5501
5503
5820
5821
5822
5506
5507
5508
5509
5818
5819
5510
5511
5512
5513
5514
5515
5518
5519
5520
5522
5523
5524
5525
5526
5527
5528
5529
5530
5531
5536
5537
5538
5535
5539
5545
5546
5547
5548
5549
5550
5852
5554
5555
5556
5557
5558
5355
5564
5565
5566
5563
5567
5568
5569
5570
5571
5572
5573
5574
5575
5576
5579
5580
5581
5582
5584
5586
5585
5588
5589
5591
5592
5594
5595
5596
5394
5598
5599
5600
5601
5603
5604
5605
5606
5607
5608
5609
5610
5611
5373
5654
5656
5658
5659
5660
5661
5662
5663
5664
5665
5666
5667
5670
5671
5672
5673
5674
5675
5676
5677
5678
5679
5680
5682
5688
5283
5690
5694
5737
5738
5739
5740
5742
5743
5744
5745
5746
5747
5748
5749
5750
5751
5752
5753
5754
5755
5756
5757
5758
5759
5760
5761
5762
5763
5845
5765
5766
5767
5768
5769
5847
5850
5770
20333
5772
5773
5775
5776
5777
5778
5779
5780
5781
5782
5788
5783
5784
5785
5786
5787
5789
5791
5792
5795
5856
5857
5858
5859
18505
18506
18508
18509
18510
18511
18513
18514
18515
18516
18517
18520
18522
19519
18524
18525
19917
18528
18530
18531
18782
19510
19511
19512
19513
19514
19515
19516
19517
19518
19520
19521
18593
18532
18533
18534
18536
18538
18539
18540
18541
18542
18543
20068
20067
18546
18547
18548
18549
18550
18551
18537
18553
18554
18555
18558
18561
18562
18563
18564
18565
18566
18567
18569
18570
18571
18573
18574
18575
18576
18579
18580
18581
18582
18583
18584
18585
18586
18587
18588
18589
18592
18595
18596
18597
18599
18600
18601
18602
18622
18623
18605
18606
18623
18625
18612
18613
18615
18616
18617
17370
18619
18626
18610
18620
19538
18628
18604
18629
18630
18631
18632
18633
18634
18635
18636
18638
18639
18640
18641
18642
18643
18644
18645
18646
18647
18648
18649
18651
18652
18653
18654
18655
18659
18660
18661
18662
18663
18664
18665
18666
18667
18672
18670
18669
18674
18675
18676
18677
18678
18679
18680
18681
18682
18683
18684
18685
#832_2011_RMSC
15919
#834
#835
18671
18692
18693
18694
18695
18696
18697
18698
18699
18700
18701
18702
18703
19543
18704
18706
18707
18708
18709
18710
17585
18712
18713
18714
20291
18716
18705
18691
18718
18854
19985
18725
18726
18727
18728
18729
18730
18720
19577
18735
18737
18738
18739
18740
18741
18742
18743
#883_슈퍼스타장식
18745
18746
18747
18748
18749
18750
18752
19581
18753
18754
18756
18757
18758
18777
18778
18789
18790
18792
18779
18780
18781
18785
18786
19589
18791
19600
19601
18793
18794
18795
18796
18797
18798
18799
18800
18802
18803
18804
18805
18806
18807
18808
19649
18814
18815
18816
18817
18818
18819
18812
18821
18823
18824
18825
19661
18826
18827
18820
18828
18829
18830
18831
18832
19663
18833
18834
18835
18836
18837
18838
18839
18841
18842
18843
18844
18845
18846
19685
18847
18848
19686
19696
18850
18849
18852
#969_아프로가발_검정
19704
#971_아프로가발_노랑
18855
18856
18857
18858
18859
20281
19718
#979
#980
18865
18866
18867
18868
19728
18872
19750
19751
20312
19752
18878
19760
19761
19762
18879
18880
18898
19776
5869
5870
5871
20214
18882
5868
19777
18883
18886
18895
18896
18897
18885
18887
18888
18889
18890
18891
18892
18893
18894
31563
19787
18900
18901
#1024_파파삽모자
20235
31939
20483
#1028_성스러운로사리오
18907
18908
18909
18910
18911
18912
18913
18914
18915
18916
18917
18918
20034
18924
#1043_보어크
19804
19805
19806
19807
19815
19816
19817
18925
19823
19824
19825
5873
5874
5875
18926
19855
#1060
#1061
5876
5877
5878
18929
18930
18931
18932
18933
18934
18939
18937
31433
#1074
18940
18941
18942
18943
5881
#1080_C빙수모자
18936
18944
18945
18946
19030
19882
19883
#1088_지라이야의담뱃대
#1089_오로치마루의마스크
#1090_츠나데의인술서
18935
18950
5890
18953
20200
#1096_입에문녹색풍선껌
19900
19910
19911
19912
19914
31535
19915
19221
5891
#1106_RCC2013챔피온투구
#1107_RCC2013준우승투구
#1108_RCC20133등상투구
#1109_RCC2013기념모자
18956
19928
19929
19930
#1114_에그타르트모자
18962
18963
18964
5897
5898
5899
5900
5901
5902
5903
5904
5905
5906
5907
18965
#1130_711니트모자
#1131_711헤드폰
18967
18968
18969
#1135_지구본모자
#1136_RWC2013_JP기념모자
19958
19959
19960
18983
18982
18984
#1143_매부리의피리
19976
19977
19978
19979
19980
18987
20252
#1151_RWC13영광의왕관1위
#1152_RWC13영광의왕관2위
#1153_RWC13영광의왕관3위
#1154_RWC13영광의왕관장려
18992
19989
19990
19991
#1159_남포링풍선
31461
#1161_여포링풍선
31462
#1163_파란도라지꽃모자
#1164_고양이마법모자
#1165_멋진고양이마법모자
#1166_꽃모양풍선
#1167_꽃모양귀장식
#1168_둥글둥글털모자
5916
31593
19994
18993
18994
#1174_체크패턴두건
18996
19995
#1177_X모자
#1178_큰토끼귀
#1179_모란두건
15882
#1181_귀족모자
#1182_힙합모자
#1183_행복의풍선
19005
400002
19045
#1187_리틀와이번스
19012
19996
19013
19997
19998
19999
20000
20001
20002
20003
20010
20011
20012
18997
5918
#1203_애기동백꽃비녀
20014
20015
20016
20038
20018
20019
19014
20025
20026
20027
20028
20031
20032
20033
5921
19019
19020
19021
20046
20047
20048
#1225_페가수스풍선
#1226_페가수스동행풍선
5924
20063
20064
19022
19023
19024
20069
20070
20071
31050
19027
20098
20099
20100
20101
20081
20082
20083
20086
20087
20088
20089
19029
19031
19269
#1252_37식스큐트
20113
20116
20115
20112
20117
20110
20111
20122
5926
5927
5928
5929
20130
20131
20132
20133
20134
#1270_소원종이모자
20139
20140
20152
20153
20154
20155
20162
20163
5930
20171
20172
20173
20174
20175
5931
5932
5933
20176
5934
20177
5935
20195
20196
20197
20198
20206
20210
20211
20209
20217
20218
20219
20220
20212
5941
5942
5939
18970
20246
20247
20234
20239
20242
20243
20248
20249
20250
20255
20256
20257
20258
20259
#1323_아울바이카운트의실크햇
20266
20267
20268
20269
20270
20283
20284
20285
20286
20287
20288
31379
20289
20290
20292
#1339_토끼귀알껍질
20298
20266
17571
20302
20306
5948
5949
5963
20307
31087
#1350_데블의딜
17581
20316
20317
17371
20319
19081
5966
5967
5968
5969
5970
#1362_비둘기모자
20325
20326
#1365_마린캡
19082
19083
19084
20339
19289
20340
20341
20342
19278
#1375_유니콘헬름
25146
#1377_이즈루드의기념품
5914
5915
#1380_C흩날리는천사의날개
5980
20350
20351
20352
20353
20354
20355
20356
20357
20358
20359
20360
20361
20362
20363
20364
20365
20366
20367
20368
20369
20370
20725
20379
20380
20381
20382
20383
31609
#1410_보라색수정티아라
20394
#1412_고대왕의왕관
19104
#1414_익스플로젼껌
20397
20405
#1417_금제의사슬
20407
#1419_피의빛과어둠진홍관
31608
31088
20458
20459
20491
20404
31458
#1427_C2학년풍선
19148
19149
15355
15356
#1432_C7학년풍선
20423
15357
15358
15359
15360
19287
#1439_피아멧트나비넥타이
20430
20431
20432
20433
20434
19112
20508
20440
20441
#1449_홍백모치링모자
20798
20448
20449
20450
20451
20452
19113
19114
19115
#1459
20456
20457
20468
19116
20462
20463
20464
#1467_렌즈없는패션안경
#1468_진홍색리본
20470
31309
31181
20486
20487
20488
20489
20490
19125
#1478_휘파람
20499
31027
31028
31029
31031
#1484_타레루우민
#1485_프레이야신도의모자
31158
31416
31386
#1489_검은선장모자
#1490_요마의눈
31039
31045
31046
31047
31048
31051
31052
#1498_배럴헬름
31055
31089
31057
31062
31063
31064
31065
31066
31067
31068
31069
31070
#1511_롤트윈_청
#1512_롤트윈_적
#1513_롤트윈_황
#1514_롤트윈_녹
#1515_롤트윈_흑
#1516_롤트윈_백
#1517_롤트윈_갈
#1518_롤트윈_자
31079
31080
31081
31082
31083
31084
31085
31086
31378
31091
19164
19165
#1531_입에문램프
#1532_C_JP_EV01
#1533_C_JP_EV02
#1534_C_JP_EV03
31098
#1536_C_JP_EV05
#1537_C_JP_EV06
#1538_C_JP_EV07
#1539_C_JP_EV08
#1540_C_JP_EV09
#1541_Ro기념모자
#1542_프리허그모자
#1543_브라질길원모집모자
#1544_브라질파티모집모자
#1545_브라질파티원모집모자
#1546_브라질구걸모자
31115
31120
31121
31122
31123
19170
31397
31132
31136
#1556_파랑새의장미장식
#1557_피아멧트의붉은두건
#1558_흰토끼의귀
19183
31143
31463
31432
31149
#1564_샬로시의헤드드레스
#1565_체샤의고양이귀
#1566_피아멧트빨간넥타이
#1567_C괴도2세모자
31844
31140
31141
31166
31164
31168
31165
31167
31172
31176
31177
31178
31179
31180
31186
31187
31188
#1585
31190
31506
#1588_WHIKEBAIN_EARS_GOLD
31192
#1590_늘어진아하트
31189
31195
400182
#1594_Special_Doram_Hat
31783
#1596_JP_EV12
19222
31197
31200
31201
31202
31203
31208
31209
31210
31211
31212
31213
31214
31215
31216
31217
31218
31219
31220
31221
31222
31223
31224
31225
31226
31227
31228
31229
31230
31231
31232
31233
19246
#1630_SB_Headwear
31254
31258
31259
31257
31249
31250
31251
31252
#1639_Observer_J
#1640_CHNPrivateWing1
#1641_CHNPrivateWing2
#1642_CHNPrivateWing3
#1643_Soda_In_Mouth
#1644_Jirant_Circlet
19264
19265
#1647_2017RTCChamp
#1648_2017RTC2nd
#1649_2017RTC3rd
#1650_2017RTCStmbol
31293
#1652_Jirant_Circlet_Red
31388
31540
31569
31299
31300
31301
31302
#1660_15th_Anniversary_Wing
#1661_IA_Choker
31313
31314
31315
31316
#1666_C_TW_1st_Balloon
#1667_Return_TW_1st_Hat
19294
19291
19293
19292
31324
31329
31330
31331
31332
31368
#1678_신의투구
19306
#1680_C_Jirant_Circlet
31381
31382
31383
31384
31385
#1686_First_Tail
31387
31389
#1689_Cat_In_Mouth
31390
31395
31396
31398
31399
31530
#1696_Neev_Barrette
420046
#1698_Idun_Green_Apple
#1699_Wall
31404
#1701_Eleanor_Wig_YL
31406
#1703_Alice_Wig_PK
31793
31437
31438
31439
31440
31441
31445
31596
31449
31450
31451
31452
31453
31454
31455
31456
31460
19337
#1722_Egg_Minihat
31472
31473
31474
31475
31476
#1728_Stripe_Hat
31479
31480
31481
31482
31483
19353
#1735_RusRoulette_Hat
#1736_C_JP_EV13
#1737_C_JP_EV14
31488
31489
31490
31491
31492
31493
19368
15350
#1746_BaphoJ_Parachute
19373
19374
#1749_Aches_Love_Cobra
#1750_C_TW_2th_Balloon
31509
31510
31511
31512
31513
31514
#1757_C_Leopard_Cat
31516
31842
31568
31625
#1762_C_JP_EV15
31518
#1764_Slurp_Slurp_Hat
#1765_Surpentarius_Crown_J
#1766_C_Lunch_box
32203
31784
31529
31531
31533
#1772_Return_TW_2th_Hat
#1773_C_Bulgogi_TW
31543
31544
31545
31546
31547
#1779_Eyes_Of_Illusion
#1780_C_Qixi_Hairband
#1781_C_Hoplite_Helmet_Silver
#1782_C_Hoplite_Helmet_Black
31567
31566
31564
31565
#1787_Gothic_Heart_Wing_TW
31572
31573
31574
31575
31580
#1793_Work_Cap
19409
#1795_C_Marin_Muffler
#1796_C_Drops_Muffler
31586
#1798_C_NationalDay_helmet_TW
31588
#1800_GOLD_MAJESTIC_GOUT
19414
31598
31599
31600
31601
19424
31602
31607
31814
31611
31612
31614
31615
31616
31617
31618
#1817_Magic_Inheritor
31620
#1819_HappyMargay
#1820_LostTime
#1821_RomanticRose
31624
31721
#1824_HeartAngel
31667
#1826_FluffyWing
31720
#1828
#1829
31911
#1831_ZilantNecklace
31635
31636
31637
31638
31639
31640
31641
31642
31643
31644
31645
31646
31647
31648
31649
31650
31651
31652
31653
31654
31655
31656
31657
31658
31659
31660
#1858_강한자의헤어파랑
31631
31632
31633
#1862_C_Rudolf_Hairband
#1863_C_GoldPoring_Hat_TW
31670
31671
31672
31673
31674
21202
#1870_Poring_Letter_TW
#1871_C_Pig_Girl_TW
31679
31684
31685
31686
31687
31688
19464
31698
31699
#1881_C_Luna_On_Shoulder
#1882_C_ScarfOfHero_TW
#1883_C_Small_Ocean
#1884_C_Nine_Tail_Fox_Hair
31708
#1886_C_Golden_Violet
31715
31716
31717
31719
19472
19474
31729
#1894_C_Volume_Low_Twin_CB
31736
31731
#1897_Frantic_Looking
#1898_Sinister_Horn_Gear
19497
#1900_CitrusRibbon
31735
#1902_2019RTC1ST_TW
#1903_2019RTC2ST_TW
#1904_2019RTC3ST_TW
#1905_2019RTC4ST_TW
#1906_C_Garnet_Tiara
31766
#1908_2019RTC_CeleAura_TW
#1909_C_TW_3rd_Balloon
31450
31635
31636
31493
31383
31787
31788
31884
400020
31837
#1920_C_Baryon_HeadPhone_TW
31797
31798
31799
31803
31815
31816
#1927_C_Rabbit_Two_Side_Up
31604
31510
#1930_C_TopPlayer_TW
#1931_C_Dullahan_Mask
#1932_C_Turkey_Hat
#1933_C_Nose_Glasses_J
#1934_C_Mask_Of_Cat_J
31826
#1936_Durumagi
31831
31832
31833
31834
#1941_C_2019_D10_Muffler_TW
31840
31841
31846
#1945_C_Blinking_Eyes_Cocktai_BU
31848
31849
31850
31851
31852
31853
#1952_C_Pierced_Apple
#1953_Mushroom_Hair
#1954_C_Airy_Two_Side_Up_BD
#1955_C_Airy_Two_Side_Up_SV
#1956_C_Signon_Princess_Wave_BU
#1957_C_Signon_Princess_Wave_RD
#1958_C_Signon_Princess_Wave_YL
#1959_C_Signon_Princess_Wave_GN
#1960_C_Signon_Princess_Wave_BL
#1961_C_Signon_Princess_Wave_WH
#1962_C_Signon_Princess_Wave_OM
#1963_C_Signon_Princess_Wave_PP
#1964_C_Braid_Headband_BU
#1965_C_Braid_Headband_RD
#1966_C_Braid_Headband_YL
#1967_C_Braid_Headband_GN
#1968_C_Braid_Headband_BL
#1969_C_Braid_Headband_WH
#1970_C_Braid_Headband_OM
#1971_C_Braid_Headband_PP
#1972_C_Exotic_Bob_L_LB
#1973_C_Exotic_Bob_L_YL
#1974_C_Exotic_Bob_L_WH
#1975_C_Exotic_Bob_L_LPP
#1976_C_Exotic_Bob_R_PK
#1977_C_Exotic_Bob_R_BG
#1978_C_Exotic_Bob_R_JBL
#1979_C_Exotic_Bob_R_BW
#1980_C_Happy_Cat_TW
#1981_C_Pure_Love_Muffler
31885
31905
31906
31907
31062
31915
#1988_C_Frill_Collar
400057
400056
21206
#1992_C_Fairy_Long_CB
#1993_C_Fluffy_Semi_Long_SV
31923
#1995_C_Blinking_Eyes_BU
410005
#1997_C_Sudden_Wealth_TW
400074
31942
31930
#2001_C_Half_Rim_Glasses
#2002_C_Suit_Sollar
#2003_C_Miyabi_Long_Hair_LPP
31934
#2005_20th_Anniversary
31937
#2007_C_Loose_Knitting_Low_Twin
#2008_C_Kriemhild_Crown_TW
#2009_2020RTC_Imp_TW
31943
#2011_C_Elegant_Wave
#2012_2020RTC_01
#2013_2020RTC_02
#2014_2020RTC_03
#2015_C_18y_Hat_TW
31952
#2017_Cor_Core_Headset
31954
#2019_Rag_Origin_Hat
420010
#2021_C_CAPOORING_TW
#2022_C_Gluttony_CAPOO_TW
420025
#2024_Hunters_Dinner
420016
#2026_C_Onihime_Camellia
#2027_C_Japanes_Hair
#2028_C_Airy_Two_Side_Up_WH
#2029_C_Long_Wave_BD
#2030_C_Long_Wave_SV
#2031_C_Medium_Wave_LB
#2032_C_Medium_Wave_CB
#2033_C_Medium_Wave_YL
#2034_C_Medium_Wave_BG
#2035_C_Medium_Wave_JBL
#2036_C_Medium_Wave_WH
#2037_C_Medium_Wave_OM
#2038_C_Medium_Wave_LPP
#2039_C_Country_Tail_BU
#2040_C_Country_Tail_RD
#2041_C_Country_Tail_YL
#2042_C_Country_Tail_GN
#2043_C_Country_Tail_BL
#2044_C_Country_Tail_WH
#2045_C_Country_Tail_OM
#2046_C_Country_Tail_PP
#2047_C_Braid_Half_Up_BU
#2048_C_Braid_Half_Up_RD
#2049_C_Braid_Half_Up_YL
#2050_C_Braid_Half_Up_GN
#2051_C_Braid_Half_Up_BL
#2052_C_Braid_Half_Up_WH
#2053_C_Braid_Half_Up_OM
#2054_C_Braid_Half_Up_PP
410029
#2056_Imperial_Glory
#2057_C_Artist_Silk_Hat6_Imperial_Glory
#2058_C_Tiger
420047
#2060_C_Blink_Eyes_Golden
#2061_Cons_Of_Poison
31959
31960
31961
31962
31963
31964
31965
31966
31967
#2071_C_AB_Hair_BL
#2072_C_AB_Hair_LPP
#2073_C_AB_Hair_OM
#2074_C_AB_Hair_WH
#2075_C_Puriku_Pcha
#2076_C_Puriku_Cap
#2077_Ep18_Mini_Elly
#2078_C_bullhead
#2079_C_Phigasia_Scarf_EXE
410051
#2081_C_White_Corone
410055
410054
420050
#2085_C_P_blossom_Hairpin
410056
#2087_C_Choco_Banana
#2088_YinYang_Earring_Y
#2089_Thanos_Helm_2
#2090_Thanos_Helm2_LT
#2091_C_Rose_Crispinette
#2092_C_ZoMask_Green_TW
#2093_C_Ghost_Bat_TW
#2094_C_Helm_Of_Ra
410061
420053
#2097_C_Smokie_Muffler
#2098_Mountain_Helmet
#2099_Themis_Helm
#2100_C_Asgard_Circlet_TW
#2101_C_Glory_Symbol_TW
#2102_Thanos_Helm3_LT
#2103_Thanos_Helm_3
#2104_Thanos_Helm4_LT
#2105_Thanos_Helm_4
#2106_C_AB_Hair_RD
#2107_C_AB_Hair_YL
#2108_C_AB_Hair_BU
#2109_C_AB_Hair_GN
#2110_C_AB_Hair_PK
#2111_C_AB_Hair_PP
410063
410062
#2114_Drooping_Betelgeuse
#2115_Black_Dragon_Style
#2116_Diving_Goggles
#2117_Metal_Pick
#2118_Professor_MiniGlass
#2119_C_Blossom_Glasses
#2120_Rebirth_Circlet
#2121_Kings_Crown_A
#2122_Noble_Hankie_TW
#2123_Angeling_Balloon_TW
420067
400157
410068
410087
#2128_Lord_of_Royals
#2129_C_Melon_Headphone
420071
420072
#2132_Northern_Cross
#2133_2021RTC_Wing_TW
#2134_C_2021RTC_Headset_TW
400158
410081
#2137_C_BirthDay_Balloon_TW
#2138_Wave_Noodle
420027
400163
420044
#2142_C_Pet_Popcorn_Box
#2143_C_Ep19_Iwin
#2144_C_Ep19_Rgan
400176
#2146_Black_Moon_Cat
440010
#2148_Supplement_P_Income
#2149_Fafnir_Helm
420077
410095
410097
400204
#2154_Sweet_Potato_In_Mouth
420079
410099
#2157_2021RTC_Headset_1_TW
#2158_Viva_Adul_Hat_AB
#2159_Viva_Adul_Hat_SC
#2160_2021RTC_Headset_2_TW
#2161_2021RTC_Headset_3_TW
400269
400197
#2164_C_WL_Hair_BU
#2165_C_L_Ribbon_M_WH
#2166_C_Mermaid_Wig_Peach
#2167_C_Kururinpa_Hair_BD
#2168_C_Long_Wave_LBW
410108
#2170_C_Heart_Angel_TW
#2171_C_Silk_Of_Soul
15919
#2173_Viva_Adul_Hat_LG
#2174_Viva_Adul_Hat_RA
#2175_C_Black_Fairy_TW
#2176_C_Kuujaka_TW
#2177_Wolf_Officer_Hat
410169
#2179_C_Evt_RagFes_band
#2180_C_Silky_Long_BD
#2181_C_Silky_Long_SV
#2182_C_Intake_BU
#2183_C_Intake_RD
#2184_C_Intake_YL
#2185_C_Intake_GN
#2186_C_Intake_BL
#2187_C_Intake_WH
#2188_C_Intake_OM
#2189_C_Intake_PP
#2190_C_Bun_Twin_Tail_BU
#2191_C_Bun_Twin_Tail_RD
#2192_C_Bun_Twin_Tail_YL
#2193_C_Bun_Twin_Tail_GN
#2194_C_Bun_Twin_Tail_BL
#2195_C_Bun_Twin_Tail_WH
#2196_C_Bun_Twin_Tail_OM
#2197_C_Bun_Twin_Tail_PP
#2198_Faith_Of_Yggdrasil
410121
#2200_Einherial_Mantle
#2201_C_B_Thin_Eyes_B_TW
#2202_Viva_Adul_Hat_GC
#2203_Viva_Adul_Hat_SO
400232
400225
420104
#2207
#2208
#2209
#2210
#2211
#2212
#2213
#2214
#2215
#2216
#2217
#2218
#2219
#2220
#2221
#2222
400253
400258
#2225
#2226
#2227
#2228
#2229
#2230
#2231
#2232
#2233
#2234
#2235
#2236
#2237
#2238
#2238
#2240
#2241
#2242
#2243
#2244
#2245
410133
420133
400272
#2249
#2250
#2251
#2252
420140
#2254
#2255
#2256
#2257
#2258
#2259
#2260
#2261
410157
#2263
#2264
410160
#2266
#2267
#2268
#2269
#2270
#2271
#2272
420152
#2274
#2275
#2276
#2277
#2278
#2279
410182
#2281
#2282
#2283
#2284
#2285
#2286
#2287
#2288
#2289
#2290
#2291
#2292
#2293
400343
#2295
#2296
#2297
#2298
#2299
#2300
#2301
#2302
#2303
#2304
#2305
#2306
#2307
#2308
#2309
#2310
#2311
#2312
#2313
#2314
#2315
#2316
#2317
#2318
#2319
#2320
#2321
#2322
#2323
#2324
430005
#2326
#2327
#2328
#2329
#2330
#2331
#2332
420191
#2334
420192
#2336
#2337
#2338
#2339
#2340
#2341
#2342
#2343
#2344
#2345
#2346
#2347
#2348
#2349
#2350
#2351
#2352
#2353
#2354
#2355
#2356
#2357
#2358
#2359
#2360
#2361
#2362
#2363
#2364
#2365
#2366
#2367
#2368
#2369
#2370
#2371
#2372
#2373
#2374
#2375
#2376
#2377
#2378
#2379
#2380
#2381
#2382
#2383
#2384
#2385
#2386
#2387
#2388
#2389
#2390
#2391
#2392
#2393
#2394
#2395
#2396
#2397
#2398
56747
56748
56757
56758
56759
56760
56761
56762
56768
