501 70
503 130
506 70
507 30
508 50
510 70
511 30
512 20
514 20
515 20
516 20
517 150
518 100
520 10
528 150
532 40
569 0
578 20
582 20
601 50
602 50
604 50
607 300
619 50
620 50
622 50
625 50
627 50
690 10
692 10
703 10
705 10
706 10
707 10
711 10
712 10
713 20
715 30
717 30
721 100
742 100
743 100
752 100
756 200
757 200
904 10
905 10
906 10
908 10
909 10
910 10
911 10
912 10
913 10
914 10
915 10
916 10
917 10
918 10
919 10
921 10
924 10
928 10
931 10
935 10
938 10
939 10
940 10
942 10
943 10
946 10
947 10
949 10
952 10
953 10
955 10
960 10
962 10
969 200
971 30
972 30
984 200
985 200
990 50
991 50
992 50
993 50
994 300
995 300
996 300
997 300
998 50
999 100
1002 150
1003 50
1010 200
1011 200
1013 10
1017 10
1019 10
1026 10
1028 10
1043 10
1052 10
1057 10
1066 10
1067 10
1068 10
1069 10
1070 10
1072 10
1201 400
1202 400
1205 500
1207 600
1208 600
1222 800
1302 800
1360 2500
1402 700
1405 850
1408 1000
1452 1000
1501 700
1502 700
1545 0
1602 400
1610 400
1702 500
1750 1
1914 900
1916 900
1967 700
2101 300
2112 1
2207 100
2221 200
2302 100
2306 300
2322 400
2329 1000
2339 100
2393 0
2402 200
2414 1
2502 200
2522 150
2820 100
4006 10
4009 10
4011 10
4014 10
4017 10
4019 10
4023 10
4032 10
4033 10
4041 10
4045 10
4048 10
4057 10
4068 10
4072 10
5015 200
5055 1
7003 10
7009 10
7030 10
7033 10
7041 10
7053 10
7060 0
10012 0
12192 10
12324 0
13040 0
13041 0
19587 100
