#packet key :(0x63224335,0x0F3A1F27,0x6D217B24);
#DATA : RagexeRE_2014_01_15e
#by sctnightcore
0064 55
0065 17
0066 3
0067 37
0068 46
0069 -1
006A 23
006B -1
006C 3
006D 146
006E 3
006F 2
0070 3
0071 28
0072 22
0073 11
0074 3
0075 -1
0076 9
0077 5
0078 55
0079 53
007A 58
007B 60
007C 44
007D 2
007E 105
007F 6
0080 7
0081 3
0082 2
0083 2
0084 2
0085 10
0086 16
0087 12
0088 10
0089 11
008A 29
008B 23
008C 14
008D -1
008E -1
0090 7
0091 22
0092 28
0093 2
0094 19
0095 30
0096 -1
0097 -1
0098 3
0099 -1
009A -1
009B 34
009C 9
009D 17
009E 17
009F 20
00A0 23
00A1 6
00A2 14
00A3 -1
00A4 -1
00A5 -1
00A6 -1
00A7 9
00A8 7
00A9 6
00AA 9
00AB 4
00AC 7
00AE -1
00AF 6
00B0 8
00B1 8
00B2 3
00B3 3
00B4 -1
00B5 6
00B6 6
00B7 -1
00B8 7
00B9 6
00BA 2
00BB 5
00BC 6
00BD 44
00BE 5
00BF 3
00C0 7
00C1 2
00C2 6
00C3 8
00C4 6
00C5 7
00C6 -1
00C7 -1
00C8 -1
00C9 -1
00CA 3
00CB 3
00CC 6
00CD 3
00CE 2
00CF 27
00D0 3
00D1 4
00D2 4
00D3 2
00D4 -1
00D5 -1
00D6 3
00D7 -1
00D8 6
00D9 14
00DA 3
00DB -1
00DC 28
00DD 29
00DE -1
00DF -1
00E0 30
00E1 30
00E2 26
00E3 2
00E4 6
00E5 26
00E6 3
00E7 3
00E8 8
00E9 19
00EA 5
00EB 2
00EC 3
00ED 2
00EE 2
00EF 2
00F0 3
00F1 2
00F2 6
00F3 -1
00F4 21
00F5 11
00F6 8
00F7 17
00F8 2
00F9 26
00FA 3
00FB -1
00FC 6
00FD 27
00FE 30
00FF 10
0100 2
0101 6
0102 6
0103 30
0104 79
0105 31
0106 10
0107 10
0108 -1
0109 -1
010A 4
010B 6
010C 6
010D 2
010E 11
010F -1
0110 10
0111 39
0112 4
0113 25
0114 31
0115 35
0116 17
0117 18
0118 2
0119 13
011A 15
011B 20
011C 68
011D 2
011E 3
011F 16
0120 6
0121 14
0122 -1
0123 -1
0124 21
0125 8
0126 8
0127 8
0128 8
0129 8
012A 2
012B 2
012C 3
012D 4
012E 2
012F -1
0130 6
0131 86
0132 6
0133 -1
0134 -1
0135 7
0136 -1
0137 6
0138 3
0139 16
013A 4
013B 4
013C 4
013D 6
013E 24
013F 26
0140 22
0141 14
0142 6
0143 10
0144 23
0145 19
0146 6
0147 39
0148 8
0149 9
014A 6
014B 27
014C -1
014D 2
014E 6
014F 6
0150 110
0151 6
0152 -1
0153 -1
0154 -1
0155 -1
0156 -1
0157 6
0159 54
015A 66
015B 54
015C 90
015D 42
015E 6
015F 42
0160 -1
0161 -1
0162 -1
0163 -1
0164 -1
0165 30
0166 -1
0167 3
0168 14
0169 3
016A 30
016B 10
016C 43
016D 14
016E 186
016F 182
0170 14
0171 30
0172 10
0173 3
0174 -1
0175 6
0176 106
0177 -1
0178 4
0179 5
017A 4
017B -1
017C 6
017D 7
017E -1
017F -1
0180 6
0181 3
0182 106
0183 10
0184 10
0185 34
0187 6
0188 8
0189 4
018A 4
018B 4
018C 29
018D -1
018E 10
018F 6
0190 23
0191 86
0192 24
0193 2
0194 30
0195 102
0196 9
0197 4
0198 8
0199 4
019A 14
019B 10
019C -1
019D 6
019E 2
019F 6
01A0 3
01A1 3
01A2 37
01A3 5
01A4 11
01A5 26
01A6 -1
01A7 4
01A8 4
01A9 6
01AA 10
01AB 12
01AC 6
01AD -1
01AE 4
01AF 4
01B0 11
01B1 7
01B2 -1
01B3 67
01B4 12
01B5 18
01B6 114
01B7 6
01B8 3
01B9 6
01BA 26
01BB 26
01BC 26
01BD 26
01BE 2
01BF 3
01C0 2
01C1 14
01C2 10
01C3 -1
01C4 22
01C5 22
01C6 4
01C7 2
01C8 13
01C9 97
01CA 3
01CB 9
01CC 9
01CD 30
01CE 6
01CF 28
01D0 8
01D1 14
01D2 10
01D3 35
01D4 6
01D5 -1
01D6 4
01D7 11
01D8 54
01D9 53
01DA 60
01DB 2
01DC -1
01DD 47
01DE 33
01DF 6
01E0 30
01E1 8
01E2 34
01E3 14
01E4 2
01E5 6
01E6 26
01E7 2
01E8 28
01E9 81
01EA 6
01EB 10
01EC 26
01ED 2
01EE -1
01EF -1
01F0 -1
01F1 -1
01F2 20
01F3 10
01F4 32
01F5 9
01F6 34
01F7 14
01F8 2
01F9 6
01FA 48
01FB 56
01FC -1
01FD 15
01FE 5
01FF 10
0200 26
0201 -1
0202 6
0203 10
0204 18
0205 26
0206 11
0207 34
0208 14
0209 36
020A 10
020D -1
020E 32
0212 26
0213 26
0214 42
0215 6
0216 6
0217 2
0218 2
0219 282
021A 282
021B 10
021C 10
021D 6
021E 6
021F 66
0220 10
0221 -1
0222 6
0223 8
0224 10
0225 2
0226 282
0227 18
0228 18
0229 15
022A 58
022B 57
022C 65
022D 6
022E 71
022F 5
0230 12
0231 26
0232 9
0233 11
0234 6
0235 -1
0236 10
0237 2
0238 282
0239 11
023A 4
023B 6
023C 6
023D 6
023E 8
023F 2
0240 -1
0241 6
0242 -1
0243 6
0244 6
0245 3
0246 4
0247 8
0248 -1
0249 3
024A 70
024B 4
024C 8
024D 12
024E 6
024F 10
0250 3
0251 34
0252 -1
0253 3
0254 3
0255 5
0256 5
0257 8
0258 2
0259 3
025A -1
025B 6
025C 4
025D 6
025E 4
025F 6
0260 6
0261 11
0262 11
0263 11
0264 20
0265 20
0266 30
0267 4
0268 4
0269 4
026A 4
026B 4
026C 4
026D 4
026F 2
0270 2
0271 40
0272 44
0273 30
0274 8
0275 37
0276 -1
0277 84
0278 2
0279 2
027A -1
027B 14
027C 60
027D 62
027E -1
027F 8
0280 12
0281 6
0282 284
0283 6
0284 14
0285 6
0286 4
0287 -1
0288 -1
0289 12
028A 18
028B -1
028C 46
028D 34
028E 4
028F 6
0290 4
0291 4
0292 2
0293 70
0294 10
0295 -1
0296 -1
0297 -1
0298 8
0299 6
029A 27
029B 80
029C 66
029D -1
029E 11
029F 3
02A2 8
02A5 8
02A6 -1
02A7 -1
02AA 4
02AB 36
02AC 6
02AD 8
02B0 85
02B1 -1
02B2 -1
02B3 107
02B4 6
02B5 -1
02B6 7
02B7 7
02B8 22
02B9 191
02BA 11
02BB 8
02BC 6
02C1 -1
02C2 -1
02C4 6
02C5 30
02C6 30
02C7 7
02C8 3
02C9 3
02CA 3
02CB 65
02CC 4
02CD 71
02CE 10
02CF 6
02D0 -1
02D1 -1
02D2 -1
02D3 4
02D4 29
02D5 2
02D6 6
02D7 -1
02D8 10
02D9 10
02DA 3
02DB -1
02DC -1
02DD 32
02DE 6
02DF 36
02E0 34
02E1 33
02E2 20
02E3 22
02E4 11
02E5 9
02E6 6
02E7 -1
02E8 -1
02E9 -1
02EA -1
02EB 13
02EC 67
02ED 59
02EE 60
02EF 8
02F0 10
02F1 2
02F2 2
02F3 -1
02F4 3
02F5 7
02F6 7
035C 2
035D -1
035E 2
035F 6
0360 6
0361 6
0362 6
0363 6
0364 6
0366 90
0367 8
0368 6
0369 7
03DD 18
03DE 18
0436 6
0437 5
0438 10
0439 8
043D 8
043E -1
043F 25
0440 10
0441 4
0442 -1
0443 8
0444 -1
0445 10
0446 14
0447 2
0448 -1
0449 4
044A 6
044B 2
07D7 8
07D8 8
07D9 268
07DA 6
07DB 8
07DC 6
07DD 54
07DE 30
07DF 54
07E0 58
07E1 15
07E2 8
07E3 6
07E4 6
07E5 4
07E6 8
07E7 32
07E8 -1
07E9 5
07EA 2
07EB -1
07EC 6
07ED 10
07EE 6
07EF 8
07F0 6
07F1 18
07F2 8
07F3 6
07F4 3
07F5 6
07F6 14
07F7 -1
07F8 -1
07F9 -1
07FA 8
07FB 25
07FC 10
07FD -1
07FE 26
0800 -1
0801 -1
0802 6
0803 4
0804 14
0805 -1
0806 2
0807 4
0808 14
0809 50
080A 18
080B 6
080C 2
080D 3
080E 14
080F 20
0810 3
0811 6
0812 8
0813 -1
0814 86
0815 -1
0816 6
0817 6
0818 -1
081A 4
081B 10
081C 10
081D 22
081E 8
081F -1
0820 11
0821 2
0822 9
0823 -1
0824 6
0825 -1
0827 6
0828 14
0829 12
082A 10
082B 6
082C 10
082D -1
0836 -1
0837 3
0839 66
083A 5
083B 2
083C 10
083D 6
083E 26
0840 -1
0841 4
0842 6
0843 6
0844 2
0845 10
0846 4
0847 -1
0848 -1
0849 16
084A 2
084B 19
084C 10
084D 10
084E 5
084F 6
0850 7
0851 -1
0852 2
0853 -1
0854 -1
0855 6
0856 -1
0857 -1
0858 -1
0859 -1
085A 6
085B 6
085C 6
085D 6
085E 6
085F 6
0860 6
0861 6
0862 6
0863 6
0864 6
0865 36
0866 6
0867 6
0868 6
0869 6
086A 6
086B 6
086C 6
086D 6
086E 6
086F 6
0870 6
0871 6
0872 6
0873 6
0874 6
0875 6
0876 6
0877 6
0878 6
0879 6
087A 6
087B 6
087C 6
087D 6
087E 6
087F 6
0880 6
0881 6
0882 6
0883 6
0884 6
0885 6
0886 6
0888 6
0889 6
088A 8
088B 6
088C 6
088D 6
088E 8
088F 6
0890 6
0891 6
0892 6
0893 6
0894 6
0895 6
0896 6
0897 6
0898 6
0899 6
089A 6
089B 26
089C 6
089D 6
089E 6
089F 6
08A0 6
08A1 6
08A2 6
08A3 6
08A4 6
08A5 6
08A6 6
08A7 5
08A8 6
08A9 6
08AA 6
08AB 6
08AC 6
08AD 6
08AF 10
08B0 17
08B1 -1
08B2 -1
08B3 -1
08B4 2
08B5 6
08B6 3
08B8 10
08B9 12
08BA 10
08BB 8
08BC 10
08BD 8
08BE 14
08BF 8
08C0 -1
08C1 2
08C2 2
08C3 10
08C4 8
08C5 6
08C6 4
08C7 -1
08C8 34
08C9 2
08CA -1
08CB -1
08CC 109
08CD 10
08CE 2
08CF 10
08D0 9
08D1 7
08D2 10
08D3 10
08D4 8
08D5 -1
08D6 6
08D7 28
08D8 27
08D9 30
08DA 26
08DB 27
08DC 26
08DD 27
08DE 27
08DF 50
08E0 51
08E1 51
08E2 27
08E3 146
08E4 6
08FC 30
08FD 6
08FE -1
08FF 24
0900 -1
0901 -1
0902 -1
0903 -1
0904 -1
0905 -1
0906 -1
0907 5
0908 5
090A 26
090D -1
090E 2
090F -1
0910 10
0911 30
0912 10
0913 30
0914 -1
0915 -1
0916 26
0917 6
0918 6
0919 6
091A 6
091B 6
091C 6
091D 6
091E 6
091F 6
0920 6
0921 6
0922 6
0923 6
0924 6
0925 6
0926 6
0927 6
0928 6
0929 6
092A 6
092B 6
092C 6
092D 5
092E 6
092F 6
0930 6
0931 6
0932 6
0933 6
0934 6
0935 6
0936 6
0937 6
0938 6
0939 6
093A 6
093B 6
093C 6
093D 6
093E 6
093F 6
0940 6
0941 6
0942 6
0943 6
0944 6
0945 6
0946 6
0947 6
0948 6
0949 6
094A 6
094B 6
094C 6
094D 6
094E 6
094F 6
0950 6
0951 6
0952 6
0953 6
0954 6
0955 6
0956 6
0957 6
0958 6
0959 6
095A 6
095B 4
095C 6
095D 26
095E 6
095F 6
0960 6
0961 6
0962 6
0963 6
0964 6
0965 -1
0966 19
0967 6
0968 6
0969 6
096A 18
096B 4
096C 6
096D -1
096E -1
096F 7
0970 31
0971 6
0972 -1
0973 7
0974 2
0975 -1
0976 -1
0977 14
0978 6
0979 50
097A -1
097B -1
097C 4
097D 288
097E 12
097F -1
0980 7
0981 -1
0982 7
0983 29
0984 28
0985 -1
0986 10
0987 -1
0988 6
0989 2
098A -1
098B 2
098C 4
098D -1
098E -1
098F -1
0990 31
0991 -1
0992 -1
0993 -1
0994 -1
0995 -1
0996 -1
0997 -1
0998 8
0999 11
099A 9
099B 8
099C 6
099D -1
099E 12
099F -1
09A0 6
09A1 2
09A2 6
09A3 -1
09A4 18
09A5 7
09A6 12
09A7 10
09A8 16
09A9 10
09AA 16
09AB 6
09AC -1
09AD 10
09AE 17
09AF 4
09B0 8
09B1 4
09B2 8
09B3 4
09B4 6
09B5 2
09B6 6
09B7 4
09B8 6
09B9 4
09BA 2
09BB 6
09BC 6
09BD 2
09BE 2
09BF 4
09C1 10
09C2 -1
09C3 8
09C4 8
09C5 1042
09C6 -1
09C7 18
09C8 -1
09C9 -1
09CA -1
09CB 17
09CC -1
09CD 8
09CE 102
09CF -1
09D0 -1
09D1 14
09D2 -1
09D3 -1
09D4 2
09D5 -1
09D6 -1
09D7 -1
09D8 2
09D9 4
09DA -1
09DB -1
09DC -1
09DD -1
09DE -1
09DF 7
09E0 -1
09E1 8
09E2 8
09E3 8
09E4 8
09E5 18
09E6 22
09E7 2
09E8 10
09E9 2
09EA 11
09EB -1
09EC -1
09ED 3
09EE 11
09EF 11
09F0 -1
09F1 10
09F2 3
09F3 15
09F4 12
09F5 11
09F6 11
09F7 75
09F8 -1
09F9 131
09FA -1
