# RO packet extractor v3 by Revok
0187 6
0081 3
01C6 4
01C7 2
0064 55
0069 -1
006A 23
01DB 2
01DC -1
01DD 47
01FA 48
0204 18
01F1 -1
0200 26
01BE 2
01BF 3
0065 17
0066 3
0067 37
0970 31
020D -1
006B -1
006C 3
006D 110
006E 3
0071 28
0068 46
01FB 56
006F 2
0070 3
02CA 3
0072 19
0082 2
0085 5
0089 7
008C -1
007E 6
007D 2
0090 7
0099 -1
019C -1
009B 5
00CC 6
00CE 2
009F 6
00A2 6
00A7 8
00A9 6
00AB 4
00B8 7
00B9 6
00B2 3
00BA 2
00BB 5
00BF 3
00C1 2
00C5 7
00C8 -1
00C9 -1
0096 -1
00CF 27
00D0 3
00D3 2
00D5 -1
00D9 14
00DE -1
00E0 30
00E2 26
00E3 2
00E4 6
00E6 3
00E8 8
00EB 2
00ED 2
00EF 2
00F3 8
00F5 8
00F7 2
00F9 26
01E8 28
00FC 6
00FF 10
0102 6
0100 2
0103 30
0108 -1
0112 4
0113 10
0116 10
0118 2
011B 20
011D 2
0126 8
0127 8
0128 8
0129 8
012A 2
012E 2
012F -1
01B2 -1
0134 -1
0130 6
0138 3
013F 26
0140 22
0143 10
0146 6
0178 4
017A 4
017C 6
01FD 15
018A 4
018E 10
0190 90
0197 4
0198 8
01AE 4
025B 6
01AF 4
01B9 6
01CD 30
0442 8
01CE 6
0443 8
01CF 28
01D0 8
01E1 8
01D1 14
01D2 10
0094 6
0095 30
0195 102
0193 6
0175 6
0176 106
0079 53
019D 6
014C -1
014D 2
014E 6
014F 6
0150 110
01B6 114
0151 6
0152 -1
0153 -1
0154 -1
0166 -1
0155 -1
0156 -1
0157 6
0159 54
015A 66
015B 54
015C 90
015D 42
015E 6
015F 42
0160 -1
0161 -1
0162 -1
0163 -1
0164 -1
0165 30
0167 3
0168 14
0169 3
016A 30
016B 10
0149 9
014A 6
014B 27
016E 186
016F 182
017E -1
017F -1
0165 30
0166 -1
0167 3
0168 14
0169 3
016A 30
016B 10
016C 43
016C 43
016D 14
01F2 20
0170 14
0171 30
0172 10
0173 3
0174 -1
0180 6
0181 3
0182 106
0183 10
0184 10
0185 34
019E 2
019F 6
01A0 3
01A1 3
01A2 37
01A3 5
01A4 11
01A5 26
01A6 -1
01A7 4
01A8 4
01A9 6
01AA 10
01CA 3
01B0 11
01B1 7
01BA 26
01BB 26
01BC 26
01BD 26
01C0 2
01C1 14
01C2 10
01D3 35
01D5 -1
01D4 6
01DF 6
01F3 10
0284 14
01FF 10
01ED 2
01E7 2
01B7 6
01F7 14
01E3 14
01CB 9
01F9 6
01E5 6
0201 -1
0202 26
0203 10
0205 26
0206 11
0207 34
0208 14
0209 36
020A 10
020E 32
0212 26
0213 26
0214 42
0215 6
0216 6
0217 2
0218 2
0225 2
0281 4
0219 282
021A 282
0226 282
0282 284
021B 10
021C 10
0224 10
0280 12
0285 6
0286 4
021D 6
021E 6
021F 66
0222 6
0221 -1
0220 10
0223 8
0073 11
0074 3
0075 -1
0076 9
0077 5
0078 55
007A 58
007B 60
007C 42
007F 6
0080 7
0083 2
0084 2
0086 16
0087 12
0088 10
08CD 10
008A 29
008B 23
008D -1
008E -1
0091 22
0092 28
0093 2
0097 -1
0098 3
009A -1
009C 9
009D 17
009E 17
00A0 23
00A1 6
00A3 -1
00A4 -1
00A5 -1
00A6 -1
00A8 7
00AA 7
00AC 7
00AE -1
00AF 6
00B0 8
00B1 8
00B3 3
00B4 -1
00B5 6
00B6 6
00B7 -1
00BC 6
00BD 44
00BE 5
00C0 7
00C2 6
00C3 8
00C4 6
00C6 -1
00C7 -1
00CA 3
00CB 3
00CD 3
00D1 4
00D2 4
00D4 -1
00D6 3
00D7 -1
00D8 6
00DA 3
00DB -1
00DC 28
00DD 29
00DF -1
00E1 30
00E5 26
00E7 3
00E9 19
00EA 5
00EC 3
00EE 2
00F0 3
00F1 2
00F2 6
00F4 21
00F6 8
00F8 2
00FA 3
00FB -1
00FD 27
00FE 30
0101 6
0104 79
0105 31
0106 10
0107 10
0109 -1
010A 4
010B 6
010C 6
010D 2
010E 11
010F -1
02B1 -1
02B2 -1
02B5 -1
0110 10
0111 39
0114 31
0115 35
0117 18
0119 13
0229 15
011A 15
011C 68
011E 3
011F 16
0120 6
0121 14
0122 -1
0123 -1
0124 21
0125 8
012B 2
012C 3
012D 4
0131 86
0132 6
0133 -1
0135 7
0136 -1
0137 6
0139 16
013A 4
013B 4
013C 4
013D 6
013E 24
0141 14
0142 6
0144 23
0145 19
0147 39
0148 8
0177 -1
0179 5
017B -1
017D 7
0188 8
0189 4
018B 4
018C 29
018D -1
018F 6
0191 86
0192 24
0194 30
0196 9
028A 18
0199 4
019A 14
019B 10
01AB 12
01AC 6
01AD -1
025A -1
01B3 67
01B4 12
01B5 18
01B8 3
01C3 -1
01C4 22
01C5 22
01C8 13
01C9 97
01CC 9
01D6 4
01D7 11
01D8 54
022A 58
01D9 53
022B 57
01DA 60
022C 65
01DE 33
01E0 30
01E2 34
01E4 2
01E6 26
01E9 81
01EA 6
01EB 10
01EC 26
01EE -1
01EF -1
01F0 -1
01F4 32
01F5 9
01F6 34
0253 3
0254 3
01F8 2
01FC -1
01FE 5
0227 18
0228 18
022D 5
0232 9
0233 11
0234 6
0230 12
022E 71
027D 62
0235 -1
0239 11
022F 5
0231 26
0237 2
0238 282
0236 10
023A 4
023B 36
023C 6
023D 6
023E 8
023F 2
0240 -1
0241 6
0242 -1
0243 6
0257 8
0244 6
0245 3
0246 4
0247 8
0248 -1
0249 3
024A 70
024B 4
024C 8
024D 12
024E 6
024F 10
0250 3
0251 34
0252 -1
0255 5
0256 5
0258 2
0259 3
025C 4
025D 6
025E 4
025F 6
0260 6
0261 11
0262 11
0263 11
0264 20
0265 20
0266 30
0267 4
0268 4
0269 4
026A 4
026B 4
026C 4
026D 4
026F 2
0270 2
0271 40
0272 44
0273 30
0274 8
0275 37
0276 -1
0277 84
0278 2
0279 2
027A -1
027B 14
027C 60
027E -1
027F 8
0283 6
0287 -1
0288 6
0289 8
0444 -1
0445 6
028B -1
028C 46
028D 34
028E 4
028F 6
0290 4
0291 4
0292 2
0293 70
0294 10
0295 -1
0296 -1
0297 -1
0298 8
0299 6
029A 27
029B 80
029C 66
029D -1
029E 11
029F 3
02A2 8
02A5 8
02A6 -1
02A7 -1
02AA 4
02AB 36
02AC 6
02AD 8
02B0 85
02B8 22
02BB 8
02B9 191
02BA 11
02BC 6
02B3 107
02B4 6
02B6 7
02B7 7
02C1 -1
02C2 -1
02C4 26
02C5 30
02C8 3
02C9 3
02C6 30
02C7 7
02CB 65
02CC 4
02CD 71
02CE 10
02CF 6
02D5 2
02D0 -1
02D1 -1
02D2 -1
02D3 4
02D4 29
02D6 6
02D7 -1
02D8 10
02D9 10
02DA 3
02DB -1
02DC -1
02DD 32
02DE 6
02DF 36
02E0 34
02E1 33
02E2 8
02E3 10
02E4 6
02E5 5
02E6 6
02E7 -1
02E8 -1
02E9 -1
02EA -1
02EB 13
02EC 67
02ED 59
02EE 60
02EF 8
02F0 10
02F1 2
02F2 2
035C 2
035D -1
035E 2
03DD 18
03DE 18
0436 19
0437 7
0438 10
0439 8
043D 8
043E -1
043F 25
0440 10
0441 4
0442 -1
0443 8
0446 14
0448 -1
0449 4
044A 6
044B 2
0447 2
07D7 8
07D8 8
07D9 268
07DA 6
07DB 8
07DC 6
07DD 54
07DE 30
07DF 54
07E0 58
07E1 15
07E2 8
07E3 6
07E4 -1
07E6 8
07E5 4
07E8 -1
07E7 32
07E9 5
07EA 2
07EB -1
07EC 8
07ED 10
07EE 6
07EF 8
07F0 6
07F1 18
07F2 8
07F3 6
07F4 3
07F5 6
07F6 14
07F7 -1
07F8 -1
07F9 -1
07FA 8
07FB 25
07FC 10
07FD -1
07FE 26
07FF -1
0800 -1
0801 -1
0802 18
0803 4
0804 14
0805 -1
0806 2
0807 4
0808 14
0809 50
080A 18
080B 6
080C 2
080D 3
080E 14
080F 20
0810 3
0811 -1
0812 8
0813 -1
0814 86
0815 2
0816 6
0817 6
0818 -1
0819 -1
081A 4
0824 6
081B 10
081C 10
081D 22
081E 8
081F -1
0820 11
0821 2
0822 9
0823 -1
0825 -1
0826 4
0835 -1
0836 -1
0837 3
0838 2
0839 66
083A 5
083B 2
083C 12
083D 6
083E 26
0840 -1
0841 4
0827 6
0828 14
0829 12
082A 10
082B 6
082C 10
0842 6
0843 6
0844 2
0845 6
0846 4
0847 -1
0848 -1
0849 12
084A 2
08AF 10
08B0 17
082D -1
08B8 10
08B9 12
08BA 10
08BB 8
08BC 10
08BD 8
08BE 14
08BF 8
08C3 10
08C4 8
08C5 6
08C6 4
08D4 8
08D5 -1
08CC 109
08D6 6
08E2 27
08E3 110
08E4 6
08FC 30
08FD 6
090D -1
0916 26